ampl.tab 3 1
load_area	period	breakpoint_id	breakpoint_mmbtu_per_year
AZ_APS_E	2011	1	407755
AZ_APS_E	2011	2	681837
AZ_APS_E	2011	3	3811498
AZ_APS_E	2011	4	3836745
AZ_APS_E	2011	5	3847122
AZ_APS_E	2011	6	3854899
AZ_APS_E	2011	7	3885782
AZ_APS_E	2015	1	651929
AZ_APS_E	2015	2	3845638
AZ_APS_E	2015	3	3871799
AZ_APS_E	2015	4	3882177
AZ_APS_E	2015	5	3889953
AZ_APS_E	2015	6	3920836
AZ_APS_E	2025	1	699348
AZ_APS_E	2025	2	3882994
AZ_APS_E	2025	3	3884020
AZ_APS_E	2025	4	3908901
AZ_APS_E	2025	5	3919278
AZ_APS_E	2025	6	3927055
AZ_APS_E	2025	7	3957938
AZ_APS_E	2035	1	699348
AZ_APS_E	2035	2	3882994
AZ_APS_E	2035	3	3884020
AZ_APS_E	2035	4	3908901
AZ_APS_E	2035	5	3919278
AZ_APS_E	2035	6	3927055
AZ_APS_E	2035	7	3957938
AZ_APS_E	2045	1	699348
AZ_APS_E	2045	2	3882994
AZ_APS_E	2045	3	3884020
AZ_APS_E	2045	4	3908901
AZ_APS_E	2045	5	3919278
AZ_APS_E	2045	6	3927055
AZ_APS_E	2045	7	3957938
AZ_APS_N	2011	1	792355
AZ_APS_N	2011	2	7629375
AZ_APS_N	2011	3	7632225
AZ_APS_N	2011	4	7643918
AZ_APS_N	2011	5	7646876
AZ_APS_N	2011	6	7649965
AZ_APS_N	2011	7	7652279
AZ_APS_N	2011	8	7661470
AZ_APS_N	2015	1	964840
AZ_APS_N	2015	2	7645517
AZ_APS_N	2015	3	7670881
AZ_APS_N	2015	4	7678285
AZ_APS_N	2015	5	7681374
AZ_APS_N	2015	6	7683688
AZ_APS_N	2015	7	7692879
AZ_APS_N	2025	1	1006061
AZ_APS_N	2025	2	7661864
AZ_APS_N	2025	3	7682196
AZ_APS_N	2025	4	7689600
AZ_APS_N	2025	5	7692688
AZ_APS_N	2025	6	7695003
AZ_APS_N	2025	7	7704193
AZ_APS_N	2035	1	1006061
AZ_APS_N	2035	2	7661864
AZ_APS_N	2035	3	7682196
AZ_APS_N	2035	4	7689600
AZ_APS_N	2035	5	7692688
AZ_APS_N	2035	6	7695003
AZ_APS_N	2035	7	7704193
AZ_APS_N	2045	1	1006061
AZ_APS_N	2045	2	7661864
AZ_APS_N	2045	3	7682196
AZ_APS_N	2045	4	7689600
AZ_APS_N	2045	5	7692688
AZ_APS_N	2045	6	7695003
AZ_APS_N	2045	7	7704193
AZ_APS_SW	2011	1	338554
AZ_APS_SW	2011	2	790117
AZ_APS_SW	2011	3	4143307
AZ_APS_SW	2011	4	5208369
AZ_APS_SW	2011	5	5364794
AZ_APS_SW	2011	6	6292945
AZ_APS_SW	2011	7	6500168
AZ_APS_SW	2015	1	3901
AZ_APS_SW	2015	2	338554
AZ_APS_SW	2015	3	3357601
AZ_APS_SW	2015	4	5172170
AZ_APS_SW	2015	5	5438493
AZ_APS_SW	2015	6	5560638
AZ_APS_SW	2015	7	5565377
AZ_APS_SW	2015	8	5769510
AZ_APS_SW	2015	9	6808488
AZ_APS_SW	2015	10	7237947
AZ_APS_SW	2015	11	7600587
AZ_APS_SW	2025	1	3901
AZ_APS_SW	2025	2	5017556
AZ_APS_SW	2025	3	5875831
AZ_APS_SW	2025	4	6154823
AZ_APS_SW	2025	5	6276968
AZ_APS_SW	2025	6	6281707
AZ_APS_SW	2025	7	6620194
AZ_APS_SW	2025	8	7835362
AZ_APS_SW	2025	9	8416736
AZ_APS_SW	2035	1	3901
AZ_APS_SW	2035	2	5017556
AZ_APS_SW	2035	3	5875831
AZ_APS_SW	2035	4	6154823
AZ_APS_SW	2035	5	6276968
AZ_APS_SW	2035	6	6281707
AZ_APS_SW	2035	7	6620194
AZ_APS_SW	2035	8	7835362
AZ_APS_SW	2035	9	8416736
AZ_APS_SW	2045	1	3901
AZ_APS_SW	2045	2	5017556
AZ_APS_SW	2045	3	5875831
AZ_APS_SW	2045	4	6154823
AZ_APS_SW	2045	5	6276968
AZ_APS_SW	2045	6	6281707
AZ_APS_SW	2045	7	6620194
AZ_APS_SW	2045	8	7835362
AZ_APS_SW	2045	9	8416736
AZ_NM_N	2011	1	676451
AZ_NM_N	2011	2	1142622
AZ_NM_N	2011	3	6637103
AZ_NM_N	2011	4	6667115
AZ_NM_N	2011	5	6679007
AZ_NM_N	2011	6	6687211
AZ_NM_N	2011	7	6719795
AZ_NM_N	2015	1	1120720
AZ_NM_N	2015	2	6685451
AZ_NM_N	2015	3	6715463
AZ_NM_N	2015	4	6727355
AZ_NM_N	2015	5	6735559
AZ_NM_N	2015	6	6768143
AZ_NM_N	2025	1	1202824
AZ_NM_N	2025	2	6728981
AZ_NM_N	2025	3	6758993
AZ_NM_N	2025	4	6770886
AZ_NM_N	2025	5	6779089
AZ_NM_N	2025	6	6811673
AZ_NM_N	2035	1	1202824
AZ_NM_N	2035	2	6728981
AZ_NM_N	2035	3	6758993
AZ_NM_N	2035	4	6770886
AZ_NM_N	2035	5	6779089
AZ_NM_N	2035	6	6811673
AZ_NM_N	2045	1	1202824
AZ_NM_N	2045	2	6728981
AZ_NM_N	2045	3	6758993
AZ_NM_N	2045	4	6770886
AZ_NM_N	2045	5	6779089
AZ_NM_N	2045	6	6811673
AZ_NW	2011	1	36452
AZ_NW	2011	2	88683
AZ_NW	2011	3	136993
AZ_NW	2011	4	171272
AZ_NW	2011	5	200551
AZ_NW	2011	6	219589
AZ_NW	2011	7	232125
AZ_NW	2011	8	2203572
AZ_NW	2011	9	2211249
AZ_NW	2015	1	18803
AZ_NW	2015	2	96217
AZ_NW	2015	3	138854
AZ_NW	2015	4	172281
AZ_NW	2015	5	203198
AZ_NW	2015	6	222001
AZ_NW	2015	7	235041
AZ_NW	2015	8	2206772
AZ_NW	2015	9	2214449
AZ_NW	2025	1	71034
AZ_NW	2025	2	97529
AZ_NW	2025	3	150191
AZ_NW	2025	4	183619
AZ_NW	2025	5	206600
AZ_NW	2025	6	225403
AZ_NW	2025	7	2210724
AZ_NW	2025	8	2218401
AZ_NW	2035	1	71034
AZ_NW	2035	2	97529
AZ_NW	2035	3	150191
AZ_NW	2035	4	183619
AZ_NW	2035	5	206600
AZ_NW	2035	6	225403
AZ_NW	2035	7	2210724
AZ_NW	2035	8	2218401
AZ_NW	2045	1	71034
AZ_NW	2045	2	97529
AZ_NW	2045	3	150191
AZ_NW	2045	4	183619
AZ_NW	2045	5	206600
AZ_NW	2045	6	225403
AZ_NW	2045	7	2210724
AZ_NW	2045	8	2218401
AZ_PHX	2011	1	6564682
AZ_PHX	2011	2	15546448
AZ_PHX	2011	3	16264519
AZ_PHX	2011	4	16607551
AZ_PHX	2011	5	16730890
AZ_PHX	2015	1	6565209
AZ_PHX	2015	2	16259182
AZ_PHX	2015	3	16317044
AZ_PHX	2015	4	16665242
AZ_PHX	2015	5	17096928
AZ_PHX	2025	1	815958
AZ_PHX	2025	2	7416307
AZ_PHX	2025	3	16348680
AZ_PHX	2025	4	16406542
AZ_PHX	2025	5	16407069
AZ_PHX	2025	6	17115236
AZ_PHX	2035	1	815958
AZ_PHX	2035	2	7416307
AZ_PHX	2035	3	16348680
AZ_PHX	2035	4	16406542
AZ_PHX	2035	5	16407069
AZ_PHX	2035	6	17115236
AZ_PHX	2045	1	815958
AZ_PHX	2045	2	7416307
AZ_PHX	2045	3	16348680
AZ_PHX	2045	4	16406542
AZ_PHX	2045	5	16407069
AZ_PHX	2045	6	17115236
AZ_SE	2011	1	1243184
AZ_SE	2011	2	2868088
AZ_SE	2011	3	4365432
AZ_SE	2011	4	5031687
AZ_SE	2011	5	10020360
AZ_SE	2011	6	10170247
AZ_SE	2015	1	80660
AZ_SE	2015	2	3520595
AZ_SE	2015	3	5426860
AZ_SE	2015	4	5426869
AZ_SE	2015	5	10301116
AZ_SE	2015	6	10825721
AZ_SE	2025	1	909202
AZ_SE	2025	2	3658730
AZ_SE	2025	3	5485677
AZ_SE	2025	4	5766947
AZ_SE	2025	5	10658769
AZ_SE	2025	6	11079285
AZ_SE	2035	1	909202
AZ_SE	2035	2	3658730
AZ_SE	2035	3	5485677
AZ_SE	2035	4	5766947
AZ_SE	2035	5	10658769
AZ_SE	2035	6	11079285
AZ_SE	2045	1	909202
AZ_SE	2045	2	3658730
AZ_SE	2045	3	5485677
AZ_SE	2045	4	5766947
AZ_SE	2045	5	10658769
AZ_SE	2045	6	11079285
CAN_ALB	2011	1	3291004
CAN_ALB	2011	2	8938037
CAN_ALB	2011	3	71275738
CAN_ALB	2011	4	225551177
CAN_ALB	2011	5	269466711
CAN_ALB	2011	6	270277569
CAN_ALB	2011	7	272710140
CAN_ALB	2011	8	359735312
CAN_ALB	2011	9	379959819
CAN_ALB	2015	1	3291004
CAN_ALB	2015	2	8938037
CAN_ALB	2015	3	71275738
CAN_ALB	2015	4	207960538
CAN_ALB	2015	5	225551177
CAN_ALB	2015	6	269466711
CAN_ALB	2015	7	270277569
CAN_ALB	2015	8	272710140
CAN_ALB	2015	9	359735312
CAN_ALB	2015	10	379959819
CAN_ALB	2025	1	3291004
CAN_ALB	2025	2	8938037
CAN_ALB	2025	3	74258938
CAN_ALB	2025	4	225551177
CAN_ALB	2025	5	269466711
CAN_ALB	2025	6	270277569
CAN_ALB	2025	7	272710140
CAN_ALB	2025	8	359735312
CAN_ALB	2025	9	379959819
CAN_ALB	2035	1	3291004
CAN_ALB	2035	2	8938037
CAN_ALB	2035	3	74258938
CAN_ALB	2035	4	225551177
CAN_ALB	2035	5	269466711
CAN_ALB	2035	6	270277569
CAN_ALB	2035	7	272710140
CAN_ALB	2035	8	359735312
CAN_ALB	2035	9	379959819
CAN_ALB	2045	1	3291004
CAN_ALB	2045	2	8938037
CAN_ALB	2045	3	74258938
CAN_ALB	2045	4	225551177
CAN_ALB	2045	5	269466711
CAN_ALB	2045	6	270277569
CAN_ALB	2045	7	272710140
CAN_ALB	2045	8	359735312
CAN_ALB	2045	9	379959819
CAN_BC	2011	1	4634665
CAN_BC	2011	2	22656085
CAN_BC	2011	3	78657585
CAN_BC	2011	4	265162834
CAN_BC	2011	5	267689692
CAN_BC	2011	6	269268977
CAN_BC	2011	7	271293858
CAN_BC	2011	8	271375875
CAN_BC	2011	9	274387511
CAN_BC	2015	1	4634665
CAN_BC	2015	2	22656085
CAN_BC	2015	3	78657585
CAN_BC	2015	4	265162834
CAN_BC	2015	5	267689692
CAN_BC	2015	6	269268977
CAN_BC	2015	7	271293858
CAN_BC	2015	8	271375875
CAN_BC	2015	9	274387511
CAN_BC	2025	1	4634665
CAN_BC	2025	2	22656085
CAN_BC	2025	3	78657585
CAN_BC	2025	4	265162834
CAN_BC	2025	5	267689692
CAN_BC	2025	6	269268977
CAN_BC	2025	7	271293858
CAN_BC	2025	8	271375875
CAN_BC	2025	9	274387511
CAN_BC	2035	1	4634665
CAN_BC	2035	2	22656085
CAN_BC	2035	3	78657585
CAN_BC	2035	4	265162834
CAN_BC	2035	5	267689692
CAN_BC	2035	6	269268977
CAN_BC	2035	7	271293858
CAN_BC	2035	8	271375875
CAN_BC	2035	9	274387511
CAN_BC	2045	1	4634665
CAN_BC	2045	2	22656085
CAN_BC	2045	3	78657585
CAN_BC	2045	4	265162834
CAN_BC	2045	5	267689692
CAN_BC	2045	6	269268977
CAN_BC	2045	7	271293858
CAN_BC	2045	8	271375875
CAN_BC	2045	9	274387511
CA_IID	2011	1	68940
CA_IID	2011	2	501232
CA_IID	2011	3	2162265
CA_IID	2011	4	2162277
CA_IID	2015	1	71726
CA_IID	2015	2	501567
CA_IID	2015	3	2162669
CA_IID	2015	4	2162681
CA_IID	2025	1	71879
CA_IID	2025	2	502039
CA_IID	2025	3	2163323
CA_IID	2025	4	2163335
CA_IID	2035	1	71879
CA_IID	2035	2	502039
CA_IID	2035	3	2163323
CA_IID	2035	4	2163335
CA_IID	2045	1	71879
CA_IID	2045	2	502039
CA_IID	2045	3	2163323
CA_IID	2045	4	2163335
CA_LADWP	2011	1	6091842
CA_LADWP	2011	2	14393701
CA_LADWP	2011	3	14522073
CA_LADWP	2015	1	6091842
CA_LADWP	2015	2	14393701
CA_LADWP	2015	3	14522073
CA_LADWP	2025	1	6091842
CA_LADWP	2025	2	14393701
CA_LADWP	2025	3	14522073
CA_LADWP	2035	1	6091842
CA_LADWP	2035	2	14393701
CA_LADWP	2035	3	14522073
CA_LADWP	2045	1	6091842
CA_LADWP	2045	2	14393701
CA_LADWP	2045	3	14522073
CA_PGE_BAY	2011	1	16324931
CA_PGE_BAY	2011	2	19813035
CA_PGE_BAY	2011	3	19819261
CA_PGE_BAY	2011	4	19836952
CA_PGE_BAY	2011	5	19847250
CA_PGE_BAY	2011	6	19855345
CA_PGE_BAY	2011	7	19864497
CA_PGE_BAY	2011	8	19885771
CA_PGE_BAY	2015	1	16507313
CA_PGE_BAY	2015	2	19830995
CA_PGE_BAY	2015	3	19837221
CA_PGE_BAY	2015	4	19854912
CA_PGE_BAY	2015	5	19865210
CA_PGE_BAY	2015	6	19873305
CA_PGE_BAY	2015	7	19882457
CA_PGE_BAY	2015	8	19903732
CA_PGE_BAY	2025	1	16528688
CA_PGE_BAY	2025	2	19851940
CA_PGE_BAY	2025	3	19887061
CA_PGE_BAY	2025	4	19897359
CA_PGE_BAY	2025	5	19905454
CA_PGE_BAY	2025	6	19914607
CA_PGE_BAY	2025	7	19935881
CA_PGE_BAY	2035	1	16528688
CA_PGE_BAY	2035	2	19851940
CA_PGE_BAY	2035	3	19887061
CA_PGE_BAY	2035	4	19897359
CA_PGE_BAY	2035	5	19905454
CA_PGE_BAY	2035	6	19914607
CA_PGE_BAY	2035	7	19935881
CA_PGE_BAY	2045	1	16528688
CA_PGE_BAY	2045	2	19851940
CA_PGE_BAY	2045	3	19887061
CA_PGE_BAY	2045	4	19897359
CA_PGE_BAY	2045	5	19905454
CA_PGE_BAY	2045	6	19914607
CA_PGE_BAY	2045	7	19935881
CA_PGE_CEN	2011	1	1772783
CA_PGE_CEN	2011	2	41781000
CA_PGE_CEN	2011	3	47944394
CA_PGE_CEN	2011	4	59107027
CA_PGE_CEN	2011	5	59150356
CA_PGE_CEN	2011	6	59165969
CA_PGE_CEN	2011	7	59174892
CA_PGE_CEN	2011	8	59185239
CA_PGE_CEN	2011	9	59193169
CA_PGE_CEN	2011	10	59211603
CA_PGE_CEN	2015	1	2483180
CA_PGE_CEN	2015	2	48663767
CA_PGE_CEN	2015	3	60079213
CA_PGE_CEN	2015	4	60121350
CA_PGE_CEN	2015	5	60136679
CA_PGE_CEN	2015	6	60145602
CA_PGE_CEN	2015	7	60152616
CA_PGE_CEN	2015	8	60160546
CA_PGE_CEN	2015	9	60178980
CA_PGE_CEN	2025	1	2888171
CA_PGE_CEN	2025	2	50007421
CA_PGE_CEN	2025	3	61208124
CA_PGE_CEN	2025	4	61227325
CA_PGE_CEN	2025	5	61242654
CA_PGE_CEN	2025	6	61251577
CA_PGE_CEN	2025	7	61258591
CA_PGE_CEN	2025	8	61266521
CA_PGE_CEN	2025	9	61284954
CA_PGE_CEN	2035	1	2888171
CA_PGE_CEN	2035	2	50007421
CA_PGE_CEN	2035	3	61208124
CA_PGE_CEN	2035	4	61227325
CA_PGE_CEN	2035	5	61242654
CA_PGE_CEN	2035	6	61251577
CA_PGE_CEN	2035	7	61258591
CA_PGE_CEN	2035	8	61266521
CA_PGE_CEN	2035	9	61284954
CA_PGE_CEN	2045	1	2888171
CA_PGE_CEN	2045	2	50007421
CA_PGE_CEN	2045	3	61208124
CA_PGE_CEN	2045	4	61227325
CA_PGE_CEN	2045	5	61242654
CA_PGE_CEN	2045	6	61251577
CA_PGE_CEN	2045	7	61258591
CA_PGE_CEN	2045	8	61266521
CA_PGE_CEN	2045	9	61284954
CA_PGE_N	2011	1	3385782
CA_PGE_N	2011	2	17316693
CA_PGE_N	2011	3	73923519
CA_PGE_N	2011	4	115274218
CA_PGE_N	2011	5	116610148
CA_PGE_N	2011	6	116857550
CA_PGE_N	2011	7	116941295
CA_PGE_N	2011	8	116983261
CA_PGE_N	2011	9	117018553
CA_PGE_N	2011	10	117052225
CA_PGE_N	2011	11	117082523
CA_PGE_N	2011	12	117107271
CA_PGE_N	2011	13	117130064
CA_PGE_N	2011	14	117151232
CA_PGE_N	2011	15	117172254
CA_PGE_N	2011	16	117191638
CA_PGE_N	2011	17	117209198
CA_PGE_N	2011	18	117225900
CA_PGE_N	2011	19	117310769
CA_PGE_N	2015	1	3385782
CA_PGE_N	2015	2	22218420
CA_PGE_N	2015	3	62244148
CA_PGE_N	2015	4	83213432
CA_PGE_N	2015	5	118042940
CA_PGE_N	2015	6	118508811
CA_PGE_N	2015	7	118538898
CA_PGE_N	2015	8	118671122
CA_PGE_N	2015	9	118713088
CA_PGE_N	2015	10	118748380
CA_PGE_N	2015	11	118779180
CA_PGE_N	2015	12	118809478
CA_PGE_N	2015	13	118834227
CA_PGE_N	2015	14	118857020
CA_PGE_N	2015	15	118878187
CA_PGE_N	2015	16	118899209
CA_PGE_N	2015	17	118918593
CA_PGE_N	2015	18	118936154
CA_PGE_N	2015	19	118952855
CA_PGE_N	2015	20	119037724
CA_PGE_N	2025	1	3385782
CA_PGE_N	2025	2	22219083
CA_PGE_N	2025	3	65054307
CA_PGE_N	2025	4	84726582
CA_PGE_N	2025	5	119285443
CA_PGE_N	2025	6	119751314
CA_PGE_N	2025	7	119781400
CA_PGE_N	2025	8	119928212
CA_PGE_N	2025	9	119970177
CA_PGE_N	2025	10	120005470
CA_PGE_N	2025	11	120036270
CA_PGE_N	2025	12	120066568
CA_PGE_N	2025	13	120091316
CA_PGE_N	2025	14	120114109
CA_PGE_N	2025	15	120135277
CA_PGE_N	2025	16	120156299
CA_PGE_N	2025	17	120175683
CA_PGE_N	2025	18	120193243
CA_PGE_N	2025	19	120209945
CA_PGE_N	2025	20	120294813
CA_PGE_N	2035	1	3385782
CA_PGE_N	2035	2	22219083
CA_PGE_N	2035	3	65054307
CA_PGE_N	2035	4	84726582
CA_PGE_N	2035	5	119285443
CA_PGE_N	2035	6	119751314
CA_PGE_N	2035	7	119781400
CA_PGE_N	2035	8	119928212
CA_PGE_N	2035	9	119970177
CA_PGE_N	2035	10	120005470
CA_PGE_N	2035	11	120036270
CA_PGE_N	2035	12	120066568
CA_PGE_N	2035	13	120091316
CA_PGE_N	2035	14	120114109
CA_PGE_N	2035	15	120135277
CA_PGE_N	2035	16	120156299
CA_PGE_N	2035	17	120175683
CA_PGE_N	2035	18	120193243
CA_PGE_N	2035	19	120209945
CA_PGE_N	2035	20	120294813
CA_PGE_N	2045	1	3385782
CA_PGE_N	2045	2	22219083
CA_PGE_N	2045	3	65054307
CA_PGE_N	2045	4	84726582
CA_PGE_N	2045	5	119285443
CA_PGE_N	2045	6	119751314
CA_PGE_N	2045	7	119781400
CA_PGE_N	2045	8	119928212
CA_PGE_N	2045	9	119970177
CA_PGE_N	2045	10	120005470
CA_PGE_N	2045	11	120036270
CA_PGE_N	2045	12	120066568
CA_PGE_N	2045	13	120091316
CA_PGE_N	2045	14	120114109
CA_PGE_N	2045	15	120135277
CA_PGE_N	2045	16	120156299
CA_PGE_N	2045	17	120175683
CA_PGE_N	2045	18	120193243
CA_PGE_N	2045	19	120209945
CA_PGE_N	2045	20	120294813
CA_PGE_S	2011	1	138956
CA_PGE_S	2011	2	800996
CA_PGE_S	2011	3	1641820
CA_PGE_S	2011	4	8456281
CA_PGE_S	2011	5	9781313
CA_PGE_S	2011	6	10849656
CA_PGE_S	2011	7	10948324
CA_PGE_S	2011	8	11000830
CA_PGE_S	2011	9	16427523
CA_PGE_S	2011	10	16434689
CA_PGE_S	2015	1	59671
CA_PGE_S	2015	2	287584
CA_PGE_S	2015	3	2460716
CA_PGE_S	2015	4	11198244
CA_PGE_S	2015	5	11369851
CA_PGE_S	2015	6	11422356
CA_PGE_S	2015	7	16849050
CA_PGE_S	2015	8	16856216
CA_PGE_S	2025	1	208299
CA_PGE_S	2025	2	1100781
CA_PGE_S	2025	3	5051742
CA_PGE_S	2025	4	11844705
CA_PGE_S	2025	5	11897210
CA_PGE_S	2025	6	17331070
CA_PGE_S	2025	7	17343966
CA_PGE_S	2035	1	208299
CA_PGE_S	2035	2	1100781
CA_PGE_S	2035	3	5051742
CA_PGE_S	2035	4	11844705
CA_PGE_S	2035	5	11897210
CA_PGE_S	2035	6	17331070
CA_PGE_S	2035	7	17343966
CA_PGE_S	2045	1	208299
CA_PGE_S	2045	2	1100781
CA_PGE_S	2045	3	5051742
CA_PGE_S	2045	4	11844705
CA_PGE_S	2045	5	11897210
CA_PGE_S	2045	6	17331070
CA_PGE_S	2045	7	17343966
CA_SCE_CEN	2011	1	481887
CA_SCE_CEN	2011	2	4428956
CA_SCE_CEN	2011	3	17169277
CA_SCE_CEN	2011	4	33297995
CA_SCE_CEN	2011	5	33379067
CA_SCE_CEN	2011	6	33386346
CA_SCE_CEN	2015	1	47735
CA_SCE_CEN	2015	2	481887
CA_SCE_CEN	2015	3	2576650
CA_SCE_CEN	2015	4	6825296
CA_SCE_CEN	2015	5	10701016
CA_SCE_CEN	2015	6	18851465
CA_SCE_CEN	2015	7	19416634
CA_SCE_CEN	2015	8	33679708
CA_SCE_CEN	2015	9	33744423
CA_SCE_CEN	2015	10	33760780
CA_SCE_CEN	2025	1	47735
CA_SCE_CEN	2025	2	481887
CA_SCE_CEN	2025	3	1630607
CA_SCE_CEN	2025	4	3668111
CA_SCE_CEN	2025	5	8091736
CA_SCE_CEN	2025	6	11840985
CA_SCE_CEN	2025	7	19443012
CA_SCE_CEN	2025	8	19836717
CA_SCE_CEN	2025	9	34107070
CA_SCE_CEN	2025	10	34171784
CA_SCE_CEN	2025	11	34188142
CA_SCE_CEN	2035	1	47735
CA_SCE_CEN	2035	2	481887
CA_SCE_CEN	2035	3	1630607
CA_SCE_CEN	2035	4	3668111
CA_SCE_CEN	2035	5	8091736
CA_SCE_CEN	2035	6	11840985
CA_SCE_CEN	2035	7	19443012
CA_SCE_CEN	2035	8	19836717
CA_SCE_CEN	2035	9	34107070
CA_SCE_CEN	2035	10	34171784
CA_SCE_CEN	2035	11	34188142
CA_SCE_CEN	2045	1	47735
CA_SCE_CEN	2045	2	481887
CA_SCE_CEN	2045	3	1630607
CA_SCE_CEN	2045	4	3668111
CA_SCE_CEN	2045	5	8091736
CA_SCE_CEN	2045	6	11840985
CA_SCE_CEN	2045	7	19443012
CA_SCE_CEN	2045	8	19836717
CA_SCE_CEN	2045	9	34107070
CA_SCE_CEN	2045	10	34171784
CA_SCE_CEN	2045	11	34188142
CA_SCE_S	2011	1	26427258
CA_SCE_S	2011	2	26913324
CA_SCE_S	2011	3	28235097
CA_SCE_S	2015	1	26427258
CA_SCE_S	2015	2	26913324
CA_SCE_S	2015	3	28235097
CA_SCE_S	2025	1	26427258
CA_SCE_S	2025	2	26913324
CA_SCE_S	2025	3	28235097
CA_SCE_S	2035	1	26427258
CA_SCE_S	2035	2	26913324
CA_SCE_S	2035	3	28235097
CA_SCE_S	2045	1	26427258
CA_SCE_S	2045	2	26913324
CA_SCE_S	2045	3	28235097
CA_SCE_SE	2011	1	106476
CA_SCE_SE	2011	2	606792
CA_SCE_SE	2011	3	2230721
CA_SCE_SE	2011	4	2230825
CA_SCE_SE	2015	1	114316
CA_SCE_SE	2015	2	607735
CA_SCE_SE	2015	3	2231858
CA_SCE_SE	2015	4	2231962
CA_SCE_SE	2025	1	114746
CA_SCE_SE	2025	2	609061
CA_SCE_SE	2025	3	2233697
CA_SCE_SE	2025	4	2233802
CA_SCE_SE	2035	1	114746
CA_SCE_SE	2035	2	609061
CA_SCE_SE	2035	3	2233697
CA_SCE_SE	2035	4	2233802
CA_SCE_SE	2045	1	114746
CA_SCE_SE	2045	2	609061
CA_SCE_SE	2045	3	2233697
CA_SCE_SE	2045	4	2233802
CA_SCE_VLY	2011	1	181805
CA_SCE_VLY	2011	2	8699283
CA_SCE_VLY	2011	3	9535555
CA_SCE_VLY	2011	4	10866605
CA_SCE_VLY	2011	5	10866622
CA_SCE_VLY	2011	6	10866624
CA_SCE_VLY	2015	1	5022
CA_SCE_VLY	2015	2	36917
CA_SCE_VLY	2015	3	1465843
CA_SCE_VLY	2015	4	9721243
CA_SCE_VLY	2015	5	9863837
CA_SCE_VLY	2015	6	9868850
CA_SCE_VLY	2015	7	11199899
CA_SCE_VLY	2015	8	11199913
CA_SCE_VLY	2015	9	11199915
CA_SCE_VLY	2025	1	5022
CA_SCE_VLY	2025	2	180895
CA_SCE_VLY	2025	3	1796827
CA_SCE_VLY	2025	4	2815872
CA_SCE_VLY	2025	5	10238612
CA_SCE_VLY	2025	6	10243624
CA_SCE_VLY	2025	7	11574675
CA_SCE_VLY	2025	8	11574690
CA_SCE_VLY	2025	9	11574692
CA_SCE_VLY	2035	1	5022
CA_SCE_VLY	2035	2	180895
CA_SCE_VLY	2035	3	1796827
CA_SCE_VLY	2035	4	2815872
CA_SCE_VLY	2035	5	10238612
CA_SCE_VLY	2035	6	10243624
CA_SCE_VLY	2035	7	11574675
CA_SCE_VLY	2035	8	11574690
CA_SCE_VLY	2035	9	11574692
CA_SCE_VLY	2045	1	5022
CA_SCE_VLY	2045	2	180895
CA_SCE_VLY	2045	3	1796827
CA_SCE_VLY	2045	4	2815872
CA_SCE_VLY	2045	5	10238612
CA_SCE_VLY	2045	6	10243624
CA_SCE_VLY	2045	7	11574675
CA_SCE_VLY	2045	8	11574690
CA_SCE_VLY	2045	9	11574692
CA_SDGE	2011	1	9350371
CA_SDGE	2011	2	10201742
CA_SDGE	2011	3	11244896
CA_SDGE	2015	1	9350371
CA_SDGE	2015	2	10201742
CA_SDGE	2015	3	11244896
CA_SDGE	2025	1	9350371
CA_SDGE	2025	2	10201742
CA_SDGE	2025	3	11244896
CA_SDGE	2035	1	9350371
CA_SDGE	2035	2	10201742
CA_SDGE	2035	3	11244896
CA_SDGE	2045	1	9350371
CA_SDGE	2045	2	10201742
CA_SDGE	2045	3	11244896
CA_SMUD	2011	1	324802
CA_SMUD	2011	2	3054629
CA_SMUD	2011	3	3638259
CA_SMUD	2011	4	4255261
CA_SMUD	2011	5	4347028
CA_SMUD	2011	6	4364781
CA_SMUD	2011	7	4364785
CA_SMUD	2015	1	39716
CA_SMUD	2015	2	142744
CA_SMUD	2015	3	324802
CA_SMUD	2015	4	1851466
CA_SMUD	2015	5	3111886
CA_SMUD	2015	6	3703455
CA_SMUD	2015	7	3753180
CA_SMUD	2015	8	3901245
CA_SMUD	2015	9	4506660
CA_SMUD	2015	10	4512864
CA_SMUD	2015	11	4514102
CA_SMUD	2025	1	39716
CA_SMUD	2025	2	142744
CA_SMUD	2025	3	324802
CA_SMUD	2025	4	1941479
CA_SMUD	2025	5	3202008
CA_SMUD	2025	6	3944234
CA_SMUD	2025	7	3993887
CA_SMUD	2025	8	4029880
CA_SMUD	2025	9	4610889
CA_SMUD	2025	10	4617093
CA_SMUD	2025	11	4618331
CA_SMUD	2035	1	39716
CA_SMUD	2035	2	142744
CA_SMUD	2035	3	324802
CA_SMUD	2035	4	1941479
CA_SMUD	2035	5	3202008
CA_SMUD	2035	6	3944234
CA_SMUD	2035	7	3993887
CA_SMUD	2035	8	4029880
CA_SMUD	2035	9	4610889
CA_SMUD	2035	10	4617093
CA_SMUD	2035	11	4618331
CA_SMUD	2045	1	39716
CA_SMUD	2045	2	142744
CA_SMUD	2045	3	324802
CA_SMUD	2045	4	1941479
CA_SMUD	2045	5	3202008
CA_SMUD	2045	6	3944234
CA_SMUD	2045	7	3993887
CA_SMUD	2045	8	4029880
CA_SMUD	2045	9	4610889
CA_SMUD	2045	10	4617093
CA_SMUD	2045	11	4618331
CO_DEN	2011	1	407908
CO_DEN	2011	2	7331771
CO_DEN	2011	3	16935457
CO_DEN	2011	4	23105977
CO_DEN	2011	5	26234961
CO_DEN	2011	6	26758987
CO_DEN	2011	7	27470755
CO_DEN	2011	8	27470899
CO_DEN	2011	9	27470910
CO_DEN	2011	10	27471021
CO_DEN	2015	1	416964
CO_DEN	2015	2	7340666
CO_DEN	2015	3	28742455
CO_DEN	2015	4	28743791
CO_DEN	2015	5	30321065
CO_DEN	2015	6	30321754
CO_DEN	2015	7	30321765
CO_DEN	2015	8	30321776
CO_DEN	2015	9	30321787
CO_DEN	2015	10	30322388
CO_DEN	2025	1	416964
CO_DEN	2025	2	20649583
CO_DEN	2025	3	30255548
CO_DEN	2025	4	31171247
CO_DEN	2025	5	31883682
CO_DEN	2025	6	31883693
CO_DEN	2025	7	31884048
CO_DEN	2035	1	416964
CO_DEN	2035	2	20649583
CO_DEN	2035	3	30255548
CO_DEN	2035	4	31171247
CO_DEN	2035	5	31883682
CO_DEN	2035	6	31883693
CO_DEN	2035	7	31884048
CO_DEN	2045	1	416964
CO_DEN	2045	2	20649583
CO_DEN	2045	3	30255548
CO_DEN	2045	4	31171247
CO_DEN	2045	5	31883682
CO_DEN	2045	6	31883693
CO_DEN	2045	7	31884048
CO_E	2011	1	19639
CO_E	2011	2	152064
CO_E	2011	3	2119042
CO_E	2011	4	5854282
CO_E	2011	5	22489492
CO_E	2011	6	27976201
CO_E	2011	7	31177344
CO_E	2011	8	34759016
CO_E	2011	9	34760771
CO_E	2011	10	34761345
CO_E	2011	11	34808100
CO_E	2011	12	34832227
CO_E	2011	13	34849150
CO_E	2011	14	34876864
CO_E	2011	15	34899107
CO_E	2011	16	34917839
CO_E	2011	17	34984343
CO_E	2015	1	32897
CO_E	2015	2	3359714
CO_E	2015	3	30913894
CO_E	2015	4	39788247
CO_E	2015	5	40039591
CO_E	2015	6	40053936
CO_E	2015	7	40140635
CO_E	2015	8	40164763
CO_E	2015	9	40181686
CO_E	2015	10	40209400
CO_E	2015	11	40231643
CO_E	2015	12	40250375
CO_E	2015	13	40316879
CO_E	2025	1	32897
CO_E	2025	2	28433722
CO_E	2025	3	31152761
CO_E	2025	4	36735099
CO_E	2025	5	40326263
CO_E	2025	6	40678944
CO_E	2025	7	40694104
CO_E	2025	8	40753309
CO_E	2025	9	40777516
CO_E	2025	10	40794440
CO_E	2025	11	40822154
CO_E	2025	12	40844397
CO_E	2025	13	40863129
CO_E	2025	14	40929633
CO_E	2035	1	32897
CO_E	2035	2	28433722
CO_E	2035	3	31152761
CO_E	2035	4	36735099
CO_E	2035	5	40326263
CO_E	2035	6	40678944
CO_E	2035	7	40694104
CO_E	2035	8	40753309
CO_E	2035	9	40777516
CO_E	2035	10	40794440
CO_E	2035	11	40822154
CO_E	2035	12	40844397
CO_E	2035	13	40863129
CO_E	2035	14	40929633
CO_E	2045	1	32897
CO_E	2045	2	28433722
CO_E	2045	3	31152761
CO_E	2045	4	36735099
CO_E	2045	5	40326263
CO_E	2045	6	40678944
CO_E	2045	7	40694104
CO_E	2045	8	40753309
CO_E	2045	9	40777516
CO_E	2045	10	40794440
CO_E	2045	11	40822154
CO_E	2045	12	40844397
CO_E	2045	13	40863129
CO_E	2045	14	40929633
CO_NW	2011	1	1070596
CO_NW	2011	2	1757420
CO_NW	2011	3	12481325
CO_NW	2011	4	12503478
CO_NW	2011	5	12521427
CO_NW	2011	6	12538531
CO_NW	2015	1	1811455
CO_NW	2015	2	12593661
CO_NW	2015	3	12615814
CO_NW	2015	4	12633762
CO_NW	2015	5	12650867
CO_NW	2025	1	1890611
CO_NW	2025	2	12675304
CO_NW	2025	3	12697457
CO_NW	2025	4	12715405
CO_NW	2025	5	12732510
CO_NW	2035	1	1890611
CO_NW	2035	2	12675304
CO_NW	2035	3	12697457
CO_NW	2035	4	12715405
CO_NW	2035	5	12732510
CO_NW	2045	1	1890611
CO_NW	2045	2	12675304
CO_NW	2045	3	12697457
CO_NW	2045	4	12715405
CO_NW	2045	5	12732510
CO_SW	2011	1	925195
CO_SW	2011	2	2417549
CO_SW	2011	3	11981385
CO_SW	2011	4	12089441
CO_SW	2011	5	12113824
CO_SW	2011	6	12130281
CO_SW	2011	7	12149269
CO_SW	2011	8	12194132
CO_SW	2015	1	1876326
CO_SW	2015	2	2773381
CO_SW	2015	3	12242694
CO_SW	2015	4	12337217
CO_SW	2015	5	12373425
CO_SW	2015	6	12432898
CO_SW	2015	7	12457281
CO_SW	2015	8	12473738
CO_SW	2015	9	12492726
CO_SW	2015	10	12537589
CO_SW	2025	1	2798530
CO_SW	2025	2	12646857
CO_SW	2025	3	12724554
CO_SW	2025	4	12753400
CO_SW	2025	5	12777783
CO_SW	2025	6	12794239
CO_SW	2025	7	12813228
CO_SW	2025	8	12858091
CO_SW	2035	1	2798530
CO_SW	2035	2	12646857
CO_SW	2035	3	12724554
CO_SW	2035	4	12753400
CO_SW	2035	5	12777783
CO_SW	2035	6	12794239
CO_SW	2035	7	12813228
CO_SW	2035	8	12858091
CO_SW	2045	1	2798530
CO_SW	2045	2	12646857
CO_SW	2045	3	12724554
CO_SW	2045	4	12753400
CO_SW	2045	5	12777783
CO_SW	2045	6	12794239
CO_SW	2045	7	12813228
CO_SW	2045	8	12858091
ID_E	2011	1	82972
ID_E	2011	2	2144864
ID_E	2011	3	6545176
ID_E	2011	4	9835604
ID_E	2011	5	11258548
ID_E	2011	6	11444894
ID_E	2011	7	11560502
ID_E	2015	1	45691
ID_E	2015	2	109783
ID_E	2015	3	3439620
ID_E	2015	4	7584607
ID_E	2015	5	8696462
ID_E	2015	6	11960701
ID_E	2015	7	12561212
ID_E	2015	8	12637496
ID_E	2015	9	12685560
ID_E	2015	10	12702342
ID_E	2025	1	45691
ID_E	2025	2	2473506
ID_E	2025	3	8884034
ID_E	2025	4	10668450
ID_E	2025	5	13388775
ID_E	2025	6	13986459
ID_E	2025	7	14135593
ID_E	2025	8	14157123
ID_E	2035	1	45691
ID_E	2035	2	2473506
ID_E	2035	3	8884034
ID_E	2035	4	10668450
ID_E	2035	5	13388775
ID_E	2035	6	13986459
ID_E	2035	7	14135593
ID_E	2035	8	14157123
ID_E	2045	1	45691
ID_E	2045	2	2473506
ID_E	2045	3	8884034
ID_E	2045	4	10668450
ID_E	2045	5	13388775
ID_E	2045	6	13986459
ID_E	2045	7	14135593
ID_E	2045	8	14157123
ID_S_OR_E	2011	1	9431234
ID_S_OR_E	2011	2	26363435
ID_S_OR_E	2011	3	30153312
ID_S_OR_E	2011	4	34837125
ID_S_OR_E	2011	5	40231978
ID_S_OR_E	2011	6	46957026
ID_S_OR_E	2011	7	49084800
ID_S_OR_E	2011	8	49334781
ID_S_OR_E	2011	9	49372760
ID_S_OR_E	2011	10	49392131
ID_S_OR_E	2011	11	50153991
ID_S_OR_E	2011	12	50161274
ID_S_OR_E	2015	1	1850625
ID_S_OR_E	2015	2	9431234
ID_S_OR_E	2015	3	13819926
ID_S_OR_E	2015	4	32899920
ID_S_OR_E	2015	5	37265027
ID_S_OR_E	2015	6	40129139
ID_S_OR_E	2015	7	50338746
ID_S_OR_E	2015	8	50649477
ID_S_OR_E	2015	9	51527314
ID_S_OR_E	2015	10	51531569
ID_S_OR_E	2015	11	51739210
ID_S_OR_E	2025	1	1850933
ID_S_OR_E	2025	2	9557911
ID_S_OR_E	2025	3	17755336
ID_S_OR_E	2025	4	36107326
ID_S_OR_E	2025	5	39693221
ID_S_OR_E	2025	6	44107389
ID_S_OR_E	2025	7	52002254
ID_S_OR_E	2025	8	52078242
ID_S_OR_E	2025	9	53389223
ID_S_OR_E	2025	10	53614422
ID_S_OR_E	2035	1	1850933
ID_S_OR_E	2035	2	9557911
ID_S_OR_E	2035	3	17755336
ID_S_OR_E	2035	4	36107326
ID_S_OR_E	2035	5	39693221
ID_S_OR_E	2035	6	44107389
ID_S_OR_E	2035	7	52002254
ID_S_OR_E	2035	8	52078242
ID_S_OR_E	2035	9	53389223
ID_S_OR_E	2035	10	53614422
ID_S_OR_E	2045	1	1850933
ID_S_OR_E	2045	2	9557911
ID_S_OR_E	2045	3	17755336
ID_S_OR_E	2045	4	36107326
ID_S_OR_E	2045	5	39693221
ID_S_OR_E	2045	6	44107389
ID_S_OR_E	2045	7	52002254
ID_S_OR_E	2045	8	52078242
ID_S_OR_E	2045	9	53389223
ID_S_OR_E	2045	10	53614422
MEX_BAJA	2011	1	721436
MEX_BAJA	2011	2	1722484
MEX_BAJA	2015	1	721436
MEX_BAJA	2015	2	1722484
MEX_BAJA	2025	1	721436
MEX_BAJA	2025	2	1722484
MEX_BAJA	2035	1	721436
MEX_BAJA	2035	2	1722484
MEX_BAJA	2045	1	721436
MEX_BAJA	2045	2	1722484
MT_NE	2011	1	713663
MT_NE	2011	2	1402222
MT_NE	2011	3	4390262
MT_NE	2011	4	4949508
MT_NE	2011	5	5609650
MT_NE	2011	6	6045444
MT_NE	2011	7	6291703
MT_NE	2011	8	6514648
MT_NE	2011	9	6701682
MT_NE	2011	10	6873736
MT_NE	2011	11	7033493
MT_NE	2011	12	7179974
MT_NE	2011	13	7285916
MT_NE	2015	1	355068
MT_NE	2015	2	1442844
MT_NE	2015	3	6913034
MT_NE	2015	4	7265133
MT_NE	2015	5	7297327
MT_NE	2015	6	7960407
MT_NE	2015	7	8396201
MT_NE	2015	8	8642460
MT_NE	2015	9	8865406
MT_NE	2015	10	9052440
MT_NE	2015	11	9224494
MT_NE	2015	12	9384251
MT_NE	2015	13	9530731
MT_NE	2015	14	9636673
MT_NE	2025	1	355068
MT_NE	2025	2	1472954
MT_NE	2025	3	7128476
MT_NE	2025	4	7136599
MT_NE	2025	5	9024351
MT_NE	2025	6	9497385
MT_NE	2025	7	10470801
MT_NE	2025	8	10717060
MT_NE	2025	9	10940005
MT_NE	2025	10	11127039
MT_NE	2025	11	11299093
MT_NE	2025	12	11458851
MT_NE	2025	13	11605331
MT_NE	2025	14	11711273
MT_NE	2035	1	355068
MT_NE	2035	2	1472954
MT_NE	2035	3	7128476
MT_NE	2035	4	7136599
MT_NE	2035	5	9024351
MT_NE	2035	6	9497385
MT_NE	2035	7	10470801
MT_NE	2035	8	10717060
MT_NE	2035	9	10940005
MT_NE	2035	10	11127039
MT_NE	2035	11	11299093
MT_NE	2035	12	11458851
MT_NE	2035	13	11605331
MT_NE	2035	14	11711273
MT_NE	2045	1	355068
MT_NE	2045	2	1472954
MT_NE	2045	3	7128476
MT_NE	2045	4	7136599
MT_NE	2045	5	9024351
MT_NE	2045	6	9497385
MT_NE	2045	7	10470801
MT_NE	2045	8	10717060
MT_NE	2045	9	10940005
MT_NE	2045	10	11127039
MT_NE	2045	11	11299093
MT_NE	2045	12	11458851
MT_NE	2045	13	11605331
MT_NE	2045	14	11711273
MT_NW	2011	1	13485286
MT_NW	2011	2	23091875
MT_NW	2011	3	32515360
MT_NW	2011	4	32516632
MT_NW	2011	5	32537717
MT_NW	2011	6	32615675
MT_NW	2011	7	33445751
MT_NW	2015	1	15209705
MT_NW	2015	2	24345944
MT_NW	2015	3	32530353
MT_NW	2015	4	32541908
MT_NW	2015	5	32565010
MT_NW	2015	6	32586095
MT_NW	2015	7	32664054
MT_NW	2015	8	33494130
MT_NW	2025	1	13124380
MT_NW	2025	2	23858645
MT_NW	2025	3	32532136
MT_NW	2025	4	32543712
MT_NW	2025	5	32626338
MT_NW	2025	6	32647423
MT_NW	2025	7	32725381
MT_NW	2025	8	33555457
MT_NW	2035	1	13124380
MT_NW	2035	2	23858645
MT_NW	2035	3	32532136
MT_NW	2035	4	32543712
MT_NW	2035	5	32626338
MT_NW	2035	6	32647423
MT_NW	2035	7	32725381
MT_NW	2035	8	33555457
MT_NW	2045	1	13124380
MT_NW	2045	2	23858645
MT_NW	2045	3	32532136
MT_NW	2045	4	32543712
MT_NW	2045	5	32626338
MT_NW	2045	6	32647423
MT_NW	2045	7	32725381
MT_NW	2045	8	33555457
MT_SE	2011	1	1379
MT_SE	2011	2	38223
MT_SE	2011	3	719886
MT_SE	2011	4	1565210
MT_SE	2011	5	2179717
MT_SE	2011	6	2206011
MT_SE	2011	7	3213260
MT_SE	2011	8	3482666
MT_SE	2011	9	3483012
MT_SE	2015	1	1379
MT_SE	2015	2	38223
MT_SE	2015	3	151534
MT_SE	2015	4	885388
MT_SE	2015	5	1936029
MT_SE	2015	6	2214488
MT_SE	2015	7	2305932
MT_SE	2015	8	2332226
MT_SE	2015	9	2350715
MT_SE	2015	10	4807742
MT_SE	2015	11	4871024
MT_SE	2015	12	4904354
MT_SE	2025	1	38223
MT_SE	2025	2	151534
MT_SE	2025	3	1624641
MT_SE	2025	4	2450992
MT_SE	2025	5	3952992
MT_SE	2025	6	4930276
MT_SE	2025	7	5003810
MT_SE	2025	8	5130949
MT_SE	2025	9	5183208
MT_SE	2025	10	5183380
MT_SE	2035	1	38223
MT_SE	2035	2	151534
MT_SE	2035	3	1624641
MT_SE	2035	4	2450992
MT_SE	2035	5	3952992
MT_SE	2035	6	4930276
MT_SE	2035	7	5003810
MT_SE	2035	8	5130949
MT_SE	2035	9	5183208
MT_SE	2035	10	5183380
MT_SE	2045	1	38223
MT_SE	2045	2	151534
MT_SE	2045	3	1624641
MT_SE	2045	4	2450992
MT_SE	2045	5	3952992
MT_SE	2045	6	4930276
MT_SE	2045	7	5003810
MT_SE	2045	8	5130949
MT_SE	2045	9	5183208
MT_SE	2045	10	5183380
MT_SW	2011	1	651881
MT_SW	2011	2	2163851
MT_SW	2011	3	8044039
MT_SW	2011	4	8072965
MT_SW	2011	5	8076537
MT_SW	2011	6	8076642
MT_SW	2011	7	8077751
MT_SW	2015	1	1046012
MT_SW	2015	2	2526779
MT_SW	2015	3	8215501
MT_SW	2015	4	8294602
MT_SW	2015	5	8298490
MT_SW	2015	6	8298594
MT_SW	2015	7	8299703
MT_SW	2025	1	1288275
MT_SW	2025	2	2699404
MT_SW	2025	3	8377568
MT_SW	2025	4	8456599
MT_SW	2025	5	8470205
MT_SW	2025	6	8470309
MT_SW	2025	7	8471418
MT_SW	2035	1	1288275
MT_SW	2035	2	2699404
MT_SW	2035	3	8377568
MT_SW	2035	4	8456599
MT_SW	2035	5	8470205
MT_SW	2035	6	8470309
MT_SW	2035	7	8471418
MT_SW	2045	1	1288275
MT_SW	2045	2	2699404
MT_SW	2045	3	8377568
MT_SW	2045	4	8456599
MT_SW	2045	5	8470205
MT_SW	2045	6	8470309
MT_SW	2045	7	8471418
NM_N	2011	1	5409157
NM_N	2011	2	9801597
NM_N	2011	3	17779174
NM_N	2011	4	17844595
NM_N	2011	5	17860953
NM_N	2011	6	17880976
NM_N	2011	7	17896250
NM_N	2011	8	17922914
NM_N	2011	9	18024437
NM_N	2015	1	6930834
NM_N	2015	2	10657320
NM_N	2015	3	18531541
NM_N	2015	4	18531679
NM_N	2015	5	18531794
NM_N	2015	6	18532604
NM_N	2015	7	18597908
NM_N	2015	8	18614266
NM_N	2015	9	18634289
NM_N	2015	10	18649563
NM_N	2015	11	18676227
NM_N	2015	12	18777750
NM_N	2025	1	8301200
NM_N	2025	2	11465289
NM_N	2025	3	19339667
NM_N	2025	4	19340615
NM_N	2025	5	19340621
NM_N	2025	6	19340627
NM_N	2025	7	19405930
NM_N	2025	8	19422288
NM_N	2025	9	19442312
NM_N	2025	10	19457586
NM_N	2025	11	19484249
NM_N	2025	12	19585773
NM_N	2035	1	8301200
NM_N	2035	2	11465289
NM_N	2035	3	19339667
NM_N	2035	4	19340615
NM_N	2035	5	19340621
NM_N	2035	6	19340627
NM_N	2035	7	19405930
NM_N	2035	8	19422288
NM_N	2035	9	19442312
NM_N	2035	10	19457586
NM_N	2035	11	19484249
NM_N	2035	12	19585773
NM_N	2045	1	8301200
NM_N	2045	2	11465289
NM_N	2045	3	19339667
NM_N	2045	4	19340615
NM_N	2045	5	19340621
NM_N	2045	6	19340627
NM_N	2045	7	19405930
NM_N	2045	8	19422288
NM_N	2045	9	19442312
NM_N	2045	10	19457586
NM_N	2045	11	19484249
NM_N	2045	12	19585773
NM_S_TX_EPE	2011	1	2197779
NM_S_TX_EPE	2011	2	7035604
NM_S_TX_EPE	2011	3	11029124
NM_S_TX_EPE	2011	4	11029686
NM_S_TX_EPE	2011	5	11030115
NM_S_TX_EPE	2011	6	11030864
NM_S_TX_EPE	2011	7	11033715
NM_S_TX_EPE	2015	1	470147
NM_S_TX_EPE	2015	2	7068768
NM_S_TX_EPE	2015	3	11060311
NM_S_TX_EPE	2015	4	11068118
NM_S_TX_EPE	2015	5	11068680
NM_S_TX_EPE	2015	6	11069109
NM_S_TX_EPE	2015	7	11069858
NM_S_TX_EPE	2015	8	11072709
NM_S_TX_EPE	2025	1	2529525
NM_S_TX_EPE	2025	2	7219824
NM_S_TX_EPE	2025	3	11090059
NM_S_TX_EPE	2025	4	11097865
NM_S_TX_EPE	2025	5	11098428
NM_S_TX_EPE	2025	6	11098856
NM_S_TX_EPE	2025	7	11099605
NM_S_TX_EPE	2025	8	11102456
NM_S_TX_EPE	2035	1	2529525
NM_S_TX_EPE	2035	2	7219824
NM_S_TX_EPE	2035	3	11090059
NM_S_TX_EPE	2035	4	11097865
NM_S_TX_EPE	2035	5	11098428
NM_S_TX_EPE	2035	6	11098856
NM_S_TX_EPE	2035	7	11099605
NM_S_TX_EPE	2035	8	11102456
NM_S_TX_EPE	2045	1	2529525
NM_S_TX_EPE	2045	2	7219824
NM_S_TX_EPE	2045	3	11090059
NM_S_TX_EPE	2045	4	11097865
NM_S_TX_EPE	2045	5	11098428
NM_S_TX_EPE	2045	6	11098856
NM_S_TX_EPE	2045	7	11099605
NM_S_TX_EPE	2045	8	11102456
NV_N	2011	1	173523
NV_N	2011	2	2131659
NV_N	2011	3	2625916
NV_N	2011	4	2877003
NV_N	2011	5	2897813
NV_N	2011	6	2901554
NV_N	2011	7	12460125
NV_N	2011	8	12460159
NV_N	2011	9	12460414
NV_N	2011	10	12460516
NV_N	2015	1	35908
NV_N	2015	2	716014
NV_N	2015	3	2966544
NV_N	2015	4	2981371
NV_N	2015	5	3002021
NV_N	2015	6	3005598
NV_N	2015	7	12564151
NV_N	2015	8	12564430
NV_N	2015	9	12573638
NV_N	2015	10	12589860
NV_N	2025	1	5710
NV_N	2025	2	173523
NV_N	2025	3	1095632
NV_N	2025	4	1934439
NV_N	2025	5	3113187
NV_N	2025	6	3127712
NV_N	2025	7	3147985
NV_N	2025	8	3151674
NV_N	2025	9	3405166
NV_N	2025	10	12724375
NV_N	2025	11	12749698
NV_N	2025	12	12749778
NV_N	2035	1	5710
NV_N	2035	2	173523
NV_N	2035	3	1095632
NV_N	2035	4	1934439
NV_N	2035	5	3113187
NV_N	2035	6	3127712
NV_N	2035	7	3147985
NV_N	2035	8	3151674
NV_N	2035	9	3405166
NV_N	2035	10	12724375
NV_N	2035	11	12749698
NV_N	2035	12	12749778
NV_N	2045	1	5710
NV_N	2045	2	173523
NV_N	2045	3	1095632
NV_N	2045	4	1934439
NV_N	2045	5	3113187
NV_N	2045	6	3127712
NV_N	2045	7	3147985
NV_N	2045	8	3151674
NV_N	2045	9	3405166
NV_N	2045	10	12724375
NV_N	2045	11	12749698
NV_N	2045	12	12749778
NV_S	2011	1	136900
NV_S	2011	2	2137529
NV_S	2011	3	4916661
NV_S	2011	4	4917038
NV_S	2011	5	4917494
NV_S	2011	6	8107907
NV_S	2015	1	295
NV_S	2015	2	137689
NV_S	2015	3	2138166
NV_S	2015	4	4913588
NV_S	2015	5	4917038
NV_S	2015	6	4917309
NV_S	2015	7	4917494
NV_S	2015	8	5005214
NV_S	2015	9	8107907
NV_S	2025	1	295
NV_S	2025	2	137689
NV_S	2025	3	2138166
NV_S	2025	4	4913588
NV_S	2025	5	4917038
NV_S	2025	6	4917309
NV_S	2025	7	4917494
NV_S	2025	8	5005214
NV_S	2025	9	8107907
NV_S	2035	1	295
NV_S	2035	2	137689
NV_S	2035	3	2138166
NV_S	2035	4	4913588
NV_S	2035	5	4917038
NV_S	2035	6	4917309
NV_S	2035	7	4917494
NV_S	2035	8	5005214
NV_S	2035	9	8107907
NV_S	2045	1	295
NV_S	2045	2	137689
NV_S	2045	3	2138166
NV_S	2045	4	4913588
NV_S	2045	5	4917038
NV_S	2045	6	4917309
NV_S	2045	7	4917494
NV_S	2045	8	5005214
NV_S	2045	9	8107907
OR_E	2011	1	4251847
OR_E	2011	2	10366197
OR_E	2011	3	11800784
OR_E	2011	4	13459725
OR_E	2011	5	25932396
OR_E	2011	6	26078823
OR_E	2011	7	26113436
OR_E	2011	8	26113525
OR_E	2011	9	26158763
OR_E	2015	1	3097047
OR_E	2015	2	6177286
OR_E	2015	3	12475012
OR_E	2015	4	13618574
OR_E	2015	5	26105548
OR_E	2015	6	26237658
OR_E	2015	7	26282592
OR_E	2025	1	847561
OR_E	2025	2	4251847
OR_E	2025	3	6064415
OR_E	2025	4	12634523
OR_E	2025	5	13744491
OR_E	2025	6	14580317
OR_E	2025	7	26334211
OR_E	2025	8	26466321
OR_E	2025	9	26522287
OR_E	2035	1	847561
OR_E	2035	2	4251847
OR_E	2035	3	6064415
OR_E	2035	4	12634523
OR_E	2035	5	13744491
OR_E	2035	6	14580317
OR_E	2035	7	26334211
OR_E	2035	8	26466321
OR_E	2035	9	26522287
OR_E	2045	1	847561
OR_E	2045	2	4251847
OR_E	2045	3	6064415
OR_E	2045	4	12634523
OR_E	2045	5	13744491
OR_E	2045	6	14580317
OR_E	2045	7	26334211
OR_E	2045	8	26466321
OR_E	2045	9	26522287
OR_PDX	2011	1	5504492
OR_PDX	2011	2	16791499
OR_PDX	2011	3	18712339
OR_PDX	2011	4	20048778
OR_PDX	2011	5	25660846
OR_PDX	2011	6	25816209
OR_PDX	2011	7	25826287
OR_PDX	2011	8	26575259
OR_PDX	2011	9	27345146
OR_PDX	2011	10	27952558
OR_PDX	2011	11	28538572
OR_PDX	2011	12	29019495
OR_PDX	2011	13	29367093
OR_PDX	2011	14	29412645
OR_PDX	2015	1	5504492
OR_PDX	2015	2	18869846
OR_PDX	2015	3	21286651
OR_PDX	2015	4	25819457
OR_PDX	2015	5	25984605
OR_PDX	2015	6	25999594
OR_PDX	2015	7	27408693
OR_PDX	2015	8	28016105
OR_PDX	2015	9	28602119
OR_PDX	2015	10	29083042
OR_PDX	2015	11	29430640
OR_PDX	2015	12	29476192
OR_PDX	2025	1	5796120
OR_PDX	2025	2	18875785
OR_PDX	2025	3	21292882
OR_PDX	2025	4	25891209
OR_PDX	2025	5	26056357
OR_PDX	2025	6	26071346
OR_PDX	2025	7	27480738
OR_PDX	2025	8	28088150
OR_PDX	2025	9	28674163
OR_PDX	2025	10	29155086
OR_PDX	2025	11	29502685
OR_PDX	2025	12	29548236
OR_PDX	2035	1	5796120
OR_PDX	2035	2	18875785
OR_PDX	2035	3	21292882
OR_PDX	2035	4	25891209
OR_PDX	2035	5	26056357
OR_PDX	2035	6	26071346
OR_PDX	2035	7	27480738
OR_PDX	2035	8	28088150
OR_PDX	2035	9	28674163
OR_PDX	2035	10	29155086
OR_PDX	2035	11	29502685
OR_PDX	2035	12	29548236
OR_PDX	2045	1	5796120
OR_PDX	2045	2	18875785
OR_PDX	2045	3	21292882
OR_PDX	2045	4	25891209
OR_PDX	2045	5	26056357
OR_PDX	2045	6	26071346
OR_PDX	2045	7	27480738
OR_PDX	2045	8	28088150
OR_PDX	2045	9	28674163
OR_PDX	2045	10	29155086
OR_PDX	2045	11	29502685
OR_PDX	2045	12	29548236
OR_W	2011	1	6741856
OR_W	2011	2	32394514
OR_W	2011	3	84312844
OR_W	2011	4	136902342
OR_W	2011	5	137925030
OR_W	2011	6	141171654
OR_W	2011	7	142500261
OR_W	2011	8	143203713
OR_W	2011	9	143758231
OR_W	2011	10	144290404
OR_W	2011	11	144730164
OR_W	2011	12	145085740
OR_W	2011	13	145506310
OR_W	2011	14	146177754
OR_W	2011	15	146835480
OR_W	2011	16	147416319
OR_W	2011	17	147967184
OR_W	2011	18	151011435
OR_W	2015	1	6741856
OR_W	2015	2	45287048
OR_W	2015	3	85089490
OR_W	2015	4	100288632
OR_W	2015	5	137578099
OR_W	2015	6	138600787
OR_W	2015	7	138668933
OR_W	2015	8	141847417
OR_W	2015	9	142784803
OR_W	2015	10	143488236
OR_W	2015	11	144042754
OR_W	2015	12	144574927
OR_W	2015	13	145014687
OR_W	2015	14	145370263
OR_W	2015	15	145790833
OR_W	2015	16	146462277
OR_W	2015	17	147120003
OR_W	2015	18	147700842
OR_W	2015	19	148251707
OR_W	2015	20	151295958
OR_W	2025	1	6741856
OR_W	2025	2	46482443
OR_W	2025	3	85131596
OR_W	2025	4	100330758
OR_W	2025	5	137891931
OR_W	2025	6	138914619
OR_W	2025	7	138982789
OR_W	2025	8	142161253
OR_W	2025	9	143098640
OR_W	2025	10	143802072
OR_W	2025	11	144356590
OR_W	2025	12	144888763
OR_W	2025	13	145328523
OR_W	2025	14	145684099
OR_W	2025	15	146104669
OR_W	2025	16	146776113
OR_W	2025	17	147433839
OR_W	2025	18	148014679
OR_W	2025	19	148565543
OR_W	2025	20	151609794
OR_W	2035	1	6741856
OR_W	2035	2	46482443
OR_W	2035	3	85131596
OR_W	2035	4	100330758
OR_W	2035	5	137891931
OR_W	2035	6	138914619
OR_W	2035	7	138982789
OR_W	2035	8	142161253
OR_W	2035	9	143098640
OR_W	2035	10	143802072
OR_W	2035	11	144356590
OR_W	2035	12	144888763
OR_W	2035	13	145328523
OR_W	2035	14	145684099
OR_W	2035	15	146104669
OR_W	2035	16	146776113
OR_W	2035	17	147433839
OR_W	2035	18	148014679
OR_W	2035	19	148565543
OR_W	2035	20	151609794
OR_W	2045	1	6741856
OR_W	2045	2	46482443
OR_W	2045	3	85131596
OR_W	2045	4	100330758
OR_W	2045	5	137891931
OR_W	2045	6	138914619
OR_W	2045	7	138982789
OR_W	2045	8	142161253
OR_W	2045	9	143098640
OR_W	2045	10	143802072
OR_W	2045	11	144356590
OR_W	2045	12	144888763
OR_W	2045	13	145328523
OR_W	2045	14	145684099
OR_W	2045	15	146104669
OR_W	2045	16	146776113
OR_W	2045	17	147433839
OR_W	2045	18	148014679
OR_W	2045	19	148565543
OR_W	2045	20	151609794
OR_WA_BPA	2011	1	9360336
OR_WA_BPA	2011	2	18886384
OR_WA_BPA	2011	3	26615496
OR_WA_BPA	2011	4	28602684
OR_WA_BPA	2011	5	29101337
OR_WA_BPA	2011	6	29273743
OR_WA_BPA	2011	7	29275988
OR_WA_BPA	2011	8	29328582
OR_WA_BPA	2011	9	29413848
OR_WA_BPA	2011	10	29498195
OR_WA_BPA	2011	11	29573484
OR_WA_BPA	2011	12	30041318
OR_WA_BPA	2015	1	6609500
OR_WA_BPA	2015	2	23405083
OR_WA_BPA	2015	3	29906569
OR_WA_BPA	2015	4	30495568
OR_WA_BPA	2015	5	30497812
OR_WA_BPA	2015	6	30550407
OR_WA_BPA	2015	7	30635673
OR_WA_BPA	2015	8	30720020
OR_WA_BPA	2015	9	30795309
OR_WA_BPA	2015	10	30866696
OR_WA_BPA	2015	11	31263142
OR_WA_BPA	2025	1	6096825
OR_WA_BPA	2025	2	13084932
OR_WA_BPA	2025	3	23329361
OR_WA_BPA	2025	4	26974355
OR_WA_BPA	2025	5	31980746
OR_WA_BPA	2025	6	32094584
OR_WA_BPA	2025	7	32222437
OR_WA_BPA	2025	8	32222576
OR_WA_BPA	2025	9	32275170
OR_WA_BPA	2025	10	32360436
OR_WA_BPA	2025	11	32444783
OR_WA_BPA	2025	12	32520073
OR_WA_BPA	2025	13	32591459
OR_WA_BPA	2025	14	32987906
OR_WA_BPA	2035	1	6096825
OR_WA_BPA	2035	2	13084932
OR_WA_BPA	2035	3	23329361
OR_WA_BPA	2035	4	26974355
OR_WA_BPA	2035	5	31980746
OR_WA_BPA	2035	6	32094584
OR_WA_BPA	2035	7	32222437
OR_WA_BPA	2035	8	32222576
OR_WA_BPA	2035	9	32275170
OR_WA_BPA	2035	10	32360436
OR_WA_BPA	2035	11	32444783
OR_WA_BPA	2035	12	32520073
OR_WA_BPA	2035	13	32591459
OR_WA_BPA	2035	14	32987906
OR_WA_BPA	2045	1	6096825
OR_WA_BPA	2045	2	13084932
OR_WA_BPA	2045	3	23329361
OR_WA_BPA	2045	4	26974355
OR_WA_BPA	2045	5	31980746
OR_WA_BPA	2045	6	32094584
OR_WA_BPA	2045	7	32222437
OR_WA_BPA	2045	8	32222576
OR_WA_BPA	2045	9	32275170
OR_WA_BPA	2045	10	32360436
OR_WA_BPA	2045	11	32444783
OR_WA_BPA	2045	12	32520073
OR_WA_BPA	2045	13	32591459
OR_WA_BPA	2045	14	32987906
UT_N	2011	1	324946
UT_N	2011	2	6625504
UT_N	2011	3	12109198
UT_N	2011	4	12120485
UT_N	2011	5	12126081
UT_N	2011	6	12149002
UT_N	2011	7	12173114
UT_N	2011	8	12262961
UT_N	2015	1	324946
UT_N	2015	2	7234561
UT_N	2015	3	12217747
UT_N	2015	4	12228778
UT_N	2015	5	12526489
UT_N	2015	6	12549410
UT_N	2015	7	12573522
UT_N	2015	8	12663370
UT_N	2025	1	325305
UT_N	2025	2	7370276
UT_N	2025	3	12496776
UT_N	2025	4	12810728
UT_N	2025	5	12833649
UT_N	2025	6	12857761
UT_N	2025	7	12947609
UT_N	2035	1	325305
UT_N	2035	2	7370276
UT_N	2035	3	12496776
UT_N	2035	4	12810728
UT_N	2035	5	12833649
UT_N	2035	6	12857761
UT_N	2035	7	12947609
UT_N	2045	1	325305
UT_N	2045	2	7370276
UT_N	2045	3	12496776
UT_N	2045	4	12810728
UT_N	2045	5	12833649
UT_N	2045	6	12857761
UT_N	2045	7	12947609
UT_S	2011	1	1715813
UT_S	2011	2	18839130
UT_S	2011	3	19134016
UT_S	2011	4	19225763
UT_S	2011	5	19248187
UT_S	2011	6	19267040
UT_S	2011	7	19282637
UT_S	2011	8	19303946
UT_S	2011	9	19322513
UT_S	2011	10	19446915
UT_S	2015	1	1298060
UT_S	2015	2	2868774
UT_S	2015	3	18915232
UT_S	2015	4	19210118
UT_S	2015	5	19242422
UT_S	2015	6	19307030
UT_S	2015	7	19331127
UT_S	2015	8	19377241
UT_S	2015	9	19399665
UT_S	2015	10	19418518
UT_S	2015	11	19434115
UT_S	2015	12	19455424
UT_S	2015	13	19473990
UT_S	2015	14	19501162
UT_S	2015	15	19598393
UT_S	2025	1	1475697
UT_S	2025	2	2966657
UT_S	2025	3	19045420
UT_S	2025	4	19340305
UT_S	2025	5	19437217
UT_S	2025	6	19461314
UT_S	2025	7	19507429
UT_S	2025	8	19529853
UT_S	2025	9	19548705
UT_S	2025	10	19564303
UT_S	2025	11	19585612
UT_S	2025	12	19604178
UT_S	2025	13	19631349
UT_S	2025	14	19728581
UT_S	2035	1	1475697
UT_S	2035	2	2966657
UT_S	2035	3	19045420
UT_S	2035	4	19340305
UT_S	2035	5	19437217
UT_S	2035	6	19461314
UT_S	2035	7	19507429
UT_S	2035	8	19529853
UT_S	2035	9	19548705
UT_S	2035	10	19564303
UT_S	2035	11	19585612
UT_S	2035	12	19604178
UT_S	2035	13	19631349
UT_S	2035	14	19728581
UT_S	2045	1	1475697
UT_S	2045	2	2966657
UT_S	2045	3	19045420
UT_S	2045	4	19340305
UT_S	2045	5	19437217
UT_S	2045	6	19461314
UT_S	2045	7	19507429
UT_S	2045	8	19529853
UT_S	2045	9	19548705
UT_S	2045	10	19564303
UT_S	2045	11	19585612
UT_S	2045	12	19604178
UT_S	2045	13	19631349
UT_S	2045	14	19728581
WA_ID_AVA	2011	1	59316
WA_ID_AVA	2011	2	10086403
WA_ID_AVA	2011	3	30014367
WA_ID_AVA	2011	4	45239670
WA_ID_AVA	2011	5	60658835
WA_ID_AVA	2011	6	65551059
WA_ID_AVA	2011	7	65760050
WA_ID_AVA	2011	8	66017779
WA_ID_AVA	2011	9	66872068
WA_ID_AVA	2011	10	67543417
WA_ID_AVA	2011	11	67917304
WA_ID_AVA	2011	12	68238129
WA_ID_AVA	2011	13	68521972
WA_ID_AVA	2011	14	68771954
WA_ID_AVA	2011	15	69003112
WA_ID_AVA	2011	16	69189106
WA_ID_AVA	2011	17	69246990
WA_ID_AVA	2011	18	69373111
WA_ID_AVA	2011	19	69601587
WA_ID_AVA	2011	20	70994025
WA_ID_AVA	2015	1	1902732
WA_ID_AVA	2015	2	13356161
WA_ID_AVA	2015	3	41521591
WA_ID_AVA	2015	4	48425979
WA_ID_AVA	2015	5	68366206
WA_ID_AVA	2015	6	68702055
WA_ID_AVA	2015	7	69109201
WA_ID_AVA	2015	8	69109300
WA_ID_AVA	2015	9	69137662
WA_ID_AVA	2015	10	69878846
WA_ID_AVA	2015	11	70550154
WA_ID_AVA	2015	12	70924041
WA_ID_AVA	2015	13	71244866
WA_ID_AVA	2015	14	71528710
WA_ID_AVA	2015	15	71778691
WA_ID_AVA	2015	16	72009850
WA_ID_AVA	2015	17	72195844
WA_ID_AVA	2015	18	72253727
WA_ID_AVA	2015	19	72379848
WA_ID_AVA	2015	20	72608324
WA_ID_AVA	2015	21	74000762
WA_ID_AVA	2025	1	59316
WA_ID_AVA	2025	2	7805037
WA_ID_AVA	2025	3	15730325
WA_ID_AVA	2025	4	43337864
WA_ID_AVA	2025	5	50041514
WA_ID_AVA	2025	6	58430148
WA_ID_AVA	2025	7	72793353
WA_ID_AVA	2025	8	73129202
WA_ID_AVA	2025	9	73156118
WA_ID_AVA	2025	10	73240308
WA_ID_AVA	2025	11	73268670
WA_ID_AVA	2025	12	73269078
WA_ID_AVA	2025	13	74010145
WA_ID_AVA	2025	14	74681454
WA_ID_AVA	2025	15	75055340
WA_ID_AVA	2025	16	75376166
WA_ID_AVA	2025	17	75660009
WA_ID_AVA	2025	18	75909990
WA_ID_AVA	2025	19	76141149
WA_ID_AVA	2025	20	76327143
WA_ID_AVA	2025	21	76385027
WA_ID_AVA	2025	22	76511148
WA_ID_AVA	2025	23	76739624
WA_ID_AVA	2025	24	78132062
WA_ID_AVA	2035	1	59316
WA_ID_AVA	2035	2	7805037
WA_ID_AVA	2035	3	15730325
WA_ID_AVA	2035	4	43337864
WA_ID_AVA	2035	5	50041514
WA_ID_AVA	2035	6	58430148
WA_ID_AVA	2035	7	72793353
WA_ID_AVA	2035	8	73129202
WA_ID_AVA	2035	9	73156118
WA_ID_AVA	2035	10	73240308
WA_ID_AVA	2035	11	73268670
WA_ID_AVA	2035	12	73269078
WA_ID_AVA	2035	13	74010145
WA_ID_AVA	2035	14	74681454
WA_ID_AVA	2035	15	75055340
WA_ID_AVA	2035	16	75376166
WA_ID_AVA	2035	17	75660009
WA_ID_AVA	2035	18	75909990
WA_ID_AVA	2035	19	76141149
WA_ID_AVA	2035	20	76327143
WA_ID_AVA	2035	21	76385027
WA_ID_AVA	2035	22	76511148
WA_ID_AVA	2035	23	76739624
WA_ID_AVA	2035	24	78132062
WA_ID_AVA	2045	1	59316
WA_ID_AVA	2045	2	7805037
WA_ID_AVA	2045	3	15730325
WA_ID_AVA	2045	4	43337864
WA_ID_AVA	2045	5	50041514
WA_ID_AVA	2045	6	58430148
WA_ID_AVA	2045	7	72793353
WA_ID_AVA	2045	8	73129202
WA_ID_AVA	2045	9	73156118
WA_ID_AVA	2045	10	73240308
WA_ID_AVA	2045	11	73268670
WA_ID_AVA	2045	12	73269078
WA_ID_AVA	2045	13	74010145
WA_ID_AVA	2045	14	74681454
WA_ID_AVA	2045	15	75055340
WA_ID_AVA	2045	16	75376166
WA_ID_AVA	2045	17	75660009
WA_ID_AVA	2045	18	75909990
WA_ID_AVA	2045	19	76141149
WA_ID_AVA	2045	20	76327143
WA_ID_AVA	2045	21	76385027
WA_ID_AVA	2045	22	76511148
WA_ID_AVA	2045	23	76739624
WA_ID_AVA	2045	24	78132062
WA_N_CEN	2011	1	2629775
WA_N_CEN	2011	2	8185567
WA_N_CEN	2011	3	13083155
WA_N_CEN	2011	4	19083659
WA_N_CEN	2011	5	22274664
WA_N_CEN	2011	6	22382016
WA_N_CEN	2011	7	24146026
WA_N_CEN	2011	8	24918545
WA_N_CEN	2015	1	690305
WA_N_CEN	2015	2	2629775
WA_N_CEN	2015	3	4097893
WA_N_CEN	2015	4	11844449
WA_N_CEN	2015	5	15404869
WA_N_CEN	2015	6	20141757
WA_N_CEN	2015	7	23585033
WA_N_CEN	2015	8	26508336
WA_N_CEN	2025	1	5567913
WA_N_CEN	2025	2	11429128
WA_N_CEN	2025	3	21141591
WA_N_CEN	2025	4	28458207
WA_N_CEN	2025	5	28565292
WA_N_CEN	2025	6	29141740
WA_N_CEN	2025	7	29141762
WA_N_CEN	2035	1	5567913
WA_N_CEN	2035	2	11429128
WA_N_CEN	2035	3	21141591
WA_N_CEN	2035	4	28458207
WA_N_CEN	2035	5	28565292
WA_N_CEN	2035	6	29141740
WA_N_CEN	2035	7	29141762
WA_N_CEN	2045	1	5567913
WA_N_CEN	2045	2	11429128
WA_N_CEN	2045	3	21141591
WA_N_CEN	2045	4	28458207
WA_N_CEN	2045	5	28565292
WA_N_CEN	2045	6	29141740
WA_N_CEN	2045	7	29141762
WA_SEATAC	2011	1	5737764
WA_SEATAC	2011	2	13347372
WA_SEATAC	2011	3	14231222
WA_SEATAC	2011	4	15735987
WA_SEATAC	2011	5	15939351
WA_SEATAC	2011	6	16125026
WA_SEATAC	2011	7	16156074
WA_SEATAC	2015	1	1088835
WA_SEATAC	2015	2	6376230
WA_SEATAC	2015	3	13851653
WA_SEATAC	2015	4	14231818
WA_SEATAC	2015	5	15737179
WA_SEATAC	2015	6	15784865
WA_SEATAC	2015	7	15787515
WA_SEATAC	2015	8	16125622
WA_SEATAC	2015	9	16156670
WA_SEATAC	2025	1	1088835
WA_SEATAC	2025	2	6380401
WA_SEATAC	2025	3	13852845
WA_SEATAC	2025	4	14233010
WA_SEATAC	2025	5	15738371
WA_SEATAC	2025	6	15786057
WA_SEATAC	2025	7	15788707
WA_SEATAC	2025	8	16126814
WA_SEATAC	2025	9	16158458
WA_SEATAC	2035	1	1088835
WA_SEATAC	2035	2	6380401
WA_SEATAC	2035	3	13852845
WA_SEATAC	2035	4	14233010
WA_SEATAC	2035	5	15738371
WA_SEATAC	2035	6	15786057
WA_SEATAC	2035	7	15788707
WA_SEATAC	2035	8	16126814
WA_SEATAC	2035	9	16158458
WA_SEATAC	2045	1	1088835
WA_SEATAC	2045	2	6380401
WA_SEATAC	2045	3	13852845
WA_SEATAC	2045	4	14233010
WA_SEATAC	2045	5	15738371
WA_SEATAC	2045	6	15786057
WA_SEATAC	2045	7	15788707
WA_SEATAC	2045	8	16126814
WA_SEATAC	2045	9	16158458
WA_W	2011	1	6506273
WA_W	2011	2	64330101
WA_W	2011	3	88425492
WA_W	2011	4	114053660
WA_W	2011	5	115113740
WA_W	2011	6	115482759
WA_W	2011	7	116946358
WA_W	2011	8	118543654
WA_W	2011	9	120492144
WA_W	2011	10	121410118
WA_W	2011	11	122242540
WA_W	2011	12	123303091
WA_W	2011	13	124210953
WA_W	2011	14	125084004
WA_W	2011	15	125866483
WA_W	2011	16	126674145
WA_W	2011	17	127384801
WA_W	2011	18	128039653
WA_W	2011	19	131730959
WA_W	2015	1	6506273
WA_W	2015	2	43356100
WA_W	2015	3	74832464
WA_W	2015	4	88438743
WA_W	2015	5	114079406
WA_W	2015	6	115072443
WA_W	2015	7	115127573
WA_W	2015	8	115496157
WA_W	2015	9	116959697
WA_W	2015	10	118556992
WA_W	2015	11	120505483
WA_W	2015	12	121423457
WA_W	2015	13	122255878
WA_W	2015	14	123316430
WA_W	2015	15	124224292
WA_W	2015	16	125097342
WA_W	2015	17	125879822
WA_W	2015	18	126687483
WA_W	2015	19	127398139
WA_W	2015	20	128052991
WA_W	2015	21	131744297
WA_W	2025	1	6513060
WA_W	2025	2	43449872
WA_W	2025	3	74858188
WA_W	2025	4	88476868
WA_W	2025	5	114105711
WA_W	2025	6	115098260
WA_W	2025	7	115153391
WA_W	2025	8	115521974
WA_W	2025	9	116985514
WA_W	2025	10	118595210
WA_W	2025	11	120543701
WA_W	2025	12	121461675
WA_W	2025	13	122294096
WA_W	2025	14	123354647
WA_W	2025	15	124262510
WA_W	2025	16	125135560
WA_W	2025	17	125918039
WA_W	2025	18	126725701
WA_W	2025	19	127436357
WA_W	2025	20	128091209
WA_W	2025	21	131782515
WA_W	2035	1	6513060
WA_W	2035	2	43449872
WA_W	2035	3	74858188
WA_W	2035	4	88476868
WA_W	2035	5	114105711
WA_W	2035	6	115098260
WA_W	2035	7	115153391
WA_W	2035	8	115521974
WA_W	2035	9	116985514
WA_W	2035	10	118595210
WA_W	2035	11	120543701
WA_W	2035	12	121461675
WA_W	2035	13	122294096
WA_W	2035	14	123354647
WA_W	2035	15	124262510
WA_W	2035	16	125135560
WA_W	2035	17	125918039
WA_W	2035	18	126725701
WA_W	2035	19	127436357
WA_W	2035	20	128091209
WA_W	2035	21	131782515
WA_W	2045	1	6513060
WA_W	2045	2	43449872
WA_W	2045	3	74858188
WA_W	2045	4	88476868
WA_W	2045	5	114105711
WA_W	2045	6	115098260
WA_W	2045	7	115153391
WA_W	2045	8	115521974
WA_W	2045	9	116985514
WA_W	2045	10	118595210
WA_W	2045	11	120543701
WA_W	2045	12	121461675
WA_W	2045	13	122294096
WA_W	2045	14	123354647
WA_W	2045	15	124262510
WA_W	2045	16	125135560
WA_W	2045	17	125918039
WA_W	2045	18	126725701
WA_W	2045	19	127436357
WA_W	2045	20	128091209
WA_W	2045	21	131782515
WY_NE	2011	1	331227
WY_NE	2011	2	1553752
WY_NE	2011	3	2456401
WY_NE	2011	4	4161998
WY_NE	2011	5	4320307
WY_NE	2011	6	4350207
WY_NE	2011	7	4350259
WY_NE	2011	8	4391807
WY_NE	2015	1	511265
WY_NE	2015	2	2391201
WY_NE	2015	3	4598425
WY_NE	2015	4	8201735
WY_NE	2015	5	8228077
WY_NE	2015	6	8325676
WY_NE	2015	7	9424581
WY_NE	2015	8	9466129
WY_NE	2025	1	331227
WY_NE	2025	2	1280855
WY_NE	2025	3	2423562
WY_NE	2025	4	4736630
WY_NE	2025	5	7406876
WY_NE	2025	6	8600101
WY_NE	2025	7	8607526
WY_NE	2025	8	9863822
WY_NE	2025	9	10635252
WY_NE	2025	10	10676800
WY_NE	2035	1	331227
WY_NE	2035	2	1280855
WY_NE	2035	3	2423562
WY_NE	2035	4	4736630
WY_NE	2035	5	7406876
WY_NE	2035	6	8600101
WY_NE	2035	7	8607526
WY_NE	2035	8	9863822
WY_NE	2035	9	10635252
WY_NE	2035	10	10676800
WY_NE	2045	1	331227
WY_NE	2045	2	1280855
WY_NE	2045	3	2423562
WY_NE	2045	4	4736630
WY_NE	2045	5	7406876
WY_NE	2045	6	8600101
WY_NE	2045	7	8607526
WY_NE	2045	8	9863822
WY_NE	2045	9	10635252
WY_NE	2045	10	10676800
WY_NW	2011	1	38009
WY_NW	2011	2	71451
WY_NW	2011	3	85692
WY_NW	2011	4	345887
WY_NW	2011	5	346572
WY_NW	2011	6	1788967
WY_NW	2011	7	1791463
WY_NW	2011	8	1792087
WY_NW	2015	1	51561
WY_NW	2015	2	71451
WY_NW	2015	3	394831
WY_NW	2015	4	395515
WY_NW	2015	5	1887825
WY_NW	2015	6	1888827
WY_NW	2015	7	1889451
WY_NW	2025	1	51561
WY_NW	2025	2	415702
WY_NW	2025	3	443798
WY_NW	2025	4	1944646
WY_NW	2025	5	1954941
WY_NW	2025	6	1955253
WY_NW	2035	1	51561
WY_NW	2035	2	415702
WY_NW	2035	3	443798
WY_NW	2035	4	1944646
WY_NW	2035	5	1954941
WY_NW	2035	6	1955253
WY_NW	2045	1	51561
WY_NW	2045	2	415702
WY_NW	2045	3	443798
WY_NW	2045	4	1944646
WY_NW	2045	5	1954941
WY_NW	2045	6	1955253
WY_SE	2011	1	132872
WY_SE	2011	2	2889929
WY_SE	2011	3	4861325
WY_SE	2011	4	6848534
WY_SE	2011	5	7453213
WY_SE	2011	6	9793687
WY_SE	2011	7	10001015
WY_SE	2011	8	10386582
WY_SE	2011	9	10509911
WY_SE	2011	10	10552237
WY_SE	2011	11	10710810
WY_SE	2015	1	132872
WY_SE	2015	2	351315
WY_SE	2015	3	2280730
WY_SE	2015	4	3359372
WY_SE	2015	5	5233144
WY_SE	2015	6	6061373
WY_SE	2015	7	7903184
WY_SE	2015	8	8233820
WY_SE	2015	9	8385281
WY_SE	2015	10	11695240
WY_SE	2015	11	11697347
WY_SE	2015	12	11875123
WY_SE	2015	13	12180402
WY_SE	2015	14	12208270
WY_SE	2015	15	12261879
WY_SE	2015	16	12545002
WY_SE	2015	17	13839132
WY_SE	2025	1	132872
WY_SE	2025	2	351315
WY_SE	2025	3	2280730
WY_SE	2025	4	6000686
WY_SE	2025	5	7874459
WY_SE	2025	6	8373804
WY_SE	2025	7	8465642
WY_SE	2025	8	8663153
WY_SE	2025	9	9049204
WY_SE	2025	10	9049299
WY_SE	2025	11	11963391
WY_SE	2025	12	12208501
WY_SE	2025	13	12221077
WY_SE	2025	14	13088147
WY_SE	2025	15	13308611
WY_SE	2025	16	13989283
WY_SE	2025	17	14267699
WY_SE	2025	18	14286073
WY_SE	2035	1	132872
WY_SE	2035	2	351315
WY_SE	2035	3	2280730
WY_SE	2035	4	6000686
WY_SE	2035	5	7874459
WY_SE	2035	6	8373804
WY_SE	2035	7	8465642
WY_SE	2035	8	8663153
WY_SE	2035	9	9049204
WY_SE	2035	10	9049299
WY_SE	2035	11	11963391
WY_SE	2035	12	12208501
WY_SE	2035	13	12221077
WY_SE	2035	14	13088147
WY_SE	2035	15	13308611
WY_SE	2035	16	13989283
WY_SE	2035	17	14267699
WY_SE	2035	18	14286073
WY_SE	2045	1	132872
WY_SE	2045	2	351315
WY_SE	2045	3	2280730
WY_SE	2045	4	6000686
WY_SE	2045	5	7874459
WY_SE	2045	6	8373804
WY_SE	2045	7	8465642
WY_SE	2045	8	8663153
WY_SE	2045	9	9049204
WY_SE	2045	10	9049299
WY_SE	2045	11	11963391
WY_SE	2045	12	12208501
WY_SE	2045	13	12221077
WY_SE	2045	14	13088147
WY_SE	2045	15	13308611
WY_SE	2045	16	13989283
WY_SE	2045	17	14267699
WY_SE	2045	18	14286073
WY_SW	2011	1	48845
WY_SW	2011	2	165720
WY_SW	2011	3	474912
WY_SW	2011	4	724018
WY_SW	2011	5	917736
WY_SW	2011	6	1075314
WY_SW	2011	7	1181931
WY_SW	2011	8	1248540
WY_SW	2011	9	2982510
WY_SW	2015	1	48845
WY_SW	2015	2	165720
WY_SW	2015	3	474912
WY_SW	2015	4	724018
WY_SW	2015	5	917736
WY_SW	2015	6	1070499
WY_SW	2015	7	1177117
WY_SW	2015	8	1243725
WY_SW	2015	9	2977695
WY_SW	2025	1	48845
WY_SW	2025	2	165720
WY_SW	2025	3	474912
WY_SW	2025	4	729204
WY_SW	2025	5	922922
WY_SW	2025	6	1070549
WY_SW	2025	7	1177167
WY_SW	2025	8	1243775
WY_SW	2025	9	2977745
WY_SW	2035	1	48845
WY_SW	2035	2	165720
WY_SW	2035	3	474912
WY_SW	2035	4	729204
WY_SW	2035	5	922922
WY_SW	2035	6	1070549
WY_SW	2035	7	1177167
WY_SW	2035	8	1243775
WY_SW	2035	9	2977745
WY_SW	2045	1	48845
WY_SW	2045	2	165720
WY_SW	2045	3	474912
WY_SW	2045	4	729204
WY_SW	2045	5	922922
WY_SW	2045	6	1070549
WY_SW	2045	7	1177167
WY_SW	2045	8	1243775
WY_SW	2045	9	2977745
