ampl.tab 3 2
load_area	period	breakpoint_id	breakpoint_mmbtu_per_year	price_dollars_per_mmbtu_surplus_adjusted
AZ_APS_E	2014	1	451147	1.6341
AZ_APS_E	2014	2	712565	2.9186
AZ_APS_E	2014	3	3826572	3.4704
AZ_APS_E	2014	4	3826658	199.7468
AZ_APS_E	2014	5	3842053	271.3456
AZ_APS_E	2014	6	3851995	372.3194
AZ_APS_E	2014	7	3862373	502.7996
AZ_APS_E	2014	8	3870150	563.8718
AZ_APS_E	2014	9	3901032	711.2617
AZ_APS_E	2014	10	0	999999999
AZ_APS_E	2016	1	665208	1.5992
AZ_APS_E	2016	2	3848834	3.3218
AZ_APS_E	2016	3	3874386	407.2946
AZ_APS_E	2016	4	3884763	470.4591
AZ_APS_E	2016	5	3892540	531.8917
AZ_APS_E	2016	6	3923423	680.139
AZ_APS_E	2016	7	0	999999999
AZ_APS_E	2026	1	699348	1.5989
AZ_APS_E	2026	2	3882994	3.337
AZ_APS_E	2026	3	3884020	397.0961
AZ_APS_E	2026	4	3908901	410.917
AZ_APS_E	2026	5	3919278	471.8541
AZ_APS_E	2026	6	3927055	533.8423
AZ_APS_E	2026	7	3957938	683.4113
AZ_APS_E	2026	8	0	999999999
AZ_APS_E	2036	1	699348	1.5989
AZ_APS_E	2036	2	3882994	3.337
AZ_APS_E	2036	3	3884020	397.0961
AZ_APS_E	2036	4	3908901	410.917
AZ_APS_E	2036	5	3919278	471.8541
AZ_APS_E	2036	6	3927055	533.8423
AZ_APS_E	2036	7	3957938	683.4113
AZ_APS_E	2036	8	0	999999999
AZ_APS_E	2046	1	699348	1.5989
AZ_APS_E	2046	2	3882994	3.337
AZ_APS_E	2046	3	3884020	397.0961
AZ_APS_E	2046	4	3908901	410.917
AZ_APS_E	2046	5	3919278	471.8541
AZ_APS_E	2046	6	3927055	533.8423
AZ_APS_E	2046	7	3957938	683.4113
AZ_APS_E	2046	8	0	999999999
AZ_APS_N	2014	1	551193	1.4333
AZ_APS_N	2014	2	1127320	2.5036
AZ_APS_N	2014	3	7636898	3.4255
AZ_APS_N	2014	4	7639749	734.4342
AZ_APS_N	2014	5	7641448	1109.2057
AZ_APS_N	2014	6	7654952	1150.1386
AZ_APS_N	2014	7	7657911	1818.9116
AZ_APS_N	2014	8	7660999	2644.495
AZ_APS_N	2014	9	7663314	3057.8066
AZ_APS_N	2014	10	7672504	4043.0623
AZ_APS_N	2014	11	0	999999999
AZ_APS_N	2016	1	991193	1.5498
AZ_APS_N	2016	2	7646336	3.245
AZ_APS_N	2016	3	7659622	521.3455
AZ_APS_N	2016	4	7667027	2366.8792
AZ_APS_N	2016	5	7670115	2777.6948
AZ_APS_N	2016	6	7672429	3191.4996
AZ_APS_N	2016	7	7681620	4177.9282
AZ_APS_N	2016	8	0	999999999
AZ_APS_N	2026	1	1006061	1.5397
AZ_APS_N	2026	2	7661864	3.2497
AZ_APS_N	2026	3	7682196	236.842
AZ_APS_N	2026	4	7689600	2471.7123
AZ_APS_N	2026	5	7692688	2883.7423
AZ_APS_N	2026	6	7695003	3298.7681
AZ_APS_N	2026	7	7704193	4288.1013
AZ_APS_N	2026	8	0	999999999
AZ_APS_N	2036	1	1006061	1.5397
AZ_APS_N	2036	2	7661864	3.2497
AZ_APS_N	2036	3	7682196	236.842
AZ_APS_N	2036	4	7689600	2471.7123
AZ_APS_N	2036	5	7692688	2883.7423
AZ_APS_N	2036	6	7695003	3298.7681
AZ_APS_N	2036	7	7704193	4288.1013
AZ_APS_N	2036	8	0	999999999
AZ_APS_N	2046	1	1006061	1.5397
AZ_APS_N	2046	2	7661864	3.2497
AZ_APS_N	2046	3	7682196	236.842
AZ_APS_N	2046	4	7689600	2471.7123
AZ_APS_N	2046	5	7692688	2883.7423
AZ_APS_N	2046	6	7695003	3298.7681
AZ_APS_N	2046	7	7704193	4288.1013
AZ_APS_N	2046	8	0	999999999
AZ_APS_SW	2014	1	338554	1.3348
AZ_APS_SW	2014	2	4278439	1.8657
AZ_APS_SW	2014	3	5264430	3.2171
AZ_APS_SW	2014	4	5272183	7.4507
AZ_APS_SW	2014	5	6294382	8.2383
AZ_APS_SW	2014	6	6393631	34.4482
AZ_APS_SW	2014	7	6701256	42.4689
AZ_APS_SW	2014	8	0	999999999
AZ_APS_SW	2016	1	15576	1.198
AZ_APS_SW	2016	2	3596496	1.4067
AZ_APS_SW	2016	3	5485402	2.1798
AZ_APS_SW	2016	4	5607548	6.2268
AZ_APS_SW	2016	5	5612287	7.1141
AZ_APS_SW	2016	6	6969342	7.5326
AZ_APS_SW	2016	7	7349250	22.7752
AZ_APS_SW	2016	8	0	999999999
AZ_APS_SW	2026	1	3901	1.0089
AZ_APS_SW	2026	2	5017556	1.3975
AZ_APS_SW	2026	3	5875831	2.7279
AZ_APS_SW	2026	4	6154823	5.5302
AZ_APS_SW	2026	5	6276968	5.8493
AZ_APS_SW	2026	6	6281707	6.6588
AZ_APS_SW	2026	7	6620194	6.9414
AZ_APS_SW	2026	8	7835362	7.1303
AZ_APS_SW	2026	9	8416736	13.7906
AZ_APS_SW	2026	10	0	999999999
AZ_APS_SW	2036	1	3901	1.0089
AZ_APS_SW	2036	2	5017556	1.3975
AZ_APS_SW	2036	3	5875831	2.7279
AZ_APS_SW	2036	4	6154823	5.5302
AZ_APS_SW	2036	5	6276968	5.8493
AZ_APS_SW	2036	6	6281707	6.6588
AZ_APS_SW	2036	7	6620194	6.9414
AZ_APS_SW	2036	8	7835362	7.1303
AZ_APS_SW	2036	9	8416736	13.7906
AZ_APS_SW	2036	10	0	999999999
AZ_APS_SW	2046	1	3901	1.0089
AZ_APS_SW	2046	2	5017556	1.3975
AZ_APS_SW	2046	3	5875831	2.7279
AZ_APS_SW	2046	4	6154823	5.5302
AZ_APS_SW	2046	5	6276968	5.8493
AZ_APS_SW	2046	6	6281707	6.6588
AZ_APS_SW	2046	7	6620194	6.9414
AZ_APS_SW	2046	8	7835362	7.1303
AZ_APS_SW	2046	9	8416736	13.7906
AZ_APS_SW	2046	10	0	999999999
AZ_NM_N	2014	1	785982	1.588
AZ_NM_N	2014	2	6660219	3.4331
AZ_NM_N	2014	3	6690232	501.1492
AZ_NM_N	2014	4	6702124	771.5061
AZ_NM_N	2014	5	6710328	881.3257
AZ_NM_N	2014	6	6742911	1124.0935
AZ_NM_N	2014	7	0	999999999
AZ_NM_N	2016	1	1164387	1.5954
AZ_NM_N	2016	2	6690543	3.3124
AZ_NM_N	2016	3	6720556	519.7266
AZ_NM_N	2016	4	6732448	791.2724
AZ_NM_N	2016	5	6740652	901.5938
AZ_NM_N	2016	6	6773235	1145.4624
AZ_NM_N	2016	7	0	999999999
AZ_NM_N	2026	1	1202824	1.5867
AZ_NM_N	2026	2	6728981	3.3241
AZ_NM_N	2026	3	6758993	522.6711
AZ_NM_N	2026	4	6770886	795.724
AZ_NM_N	2026	5	6779089	906.6816
AZ_NM_N	2026	6	6811673	1151.9453
AZ_NM_N	2026	7	0	999999999
AZ_NM_N	2036	1	1202824	1.5867
AZ_NM_N	2036	2	6728981	3.3241
AZ_NM_N	2036	3	6758993	522.6711
AZ_NM_N	2036	4	6770886	795.724
AZ_NM_N	2036	5	6779089	906.6816
AZ_NM_N	2036	6	6811673	1151.9453
AZ_NM_N	2036	7	0	999999999
AZ_NM_N	2046	1	1202824	1.5867
AZ_NM_N	2046	2	6728981	3.3241
AZ_NM_N	2046	3	6758993	522.6711
AZ_NM_N	2046	4	6770886	795.724
AZ_NM_N	2046	5	6779089	906.6816
AZ_NM_N	2046	6	6811673	1151.9453
AZ_NM_N	2046	7	0	999999999
AZ_NW	2014	1	18803	1.0723
AZ_NW	2014	2	88683	1.4117
AZ_NW	2014	3	137363	2.1696
AZ_NW	2014	4	171642	2.8615
AZ_NW	2014	5	202559	3.2597
AZ_NW	2014	6	221362	3.2759
AZ_NW	2014	7	234133	3.302
AZ_NW	2014	8	2205580	3.3313
AZ_NW	2014	9	2213257	80.583
AZ_NW	2014	10	2213505	1652.3474
AZ_NW	2014	11	0	999999999
AZ_NW	2016	1	18803	1.0089
AZ_NW	2016	2	96352	1.3612
AZ_NW	2016	3	146888	1.975
AZ_NW	2016	4	180316	2.8128
AZ_NW	2016	5	203297	3.0698
AZ_NW	2016	6	222100	3.0879
AZ_NW	2016	7	235207	3.1125
AZ_NW	2016	8	2206974	3.1401
AZ_NW	2016	9	2214651	75.8769
AZ_NW	2016	10	0	999999999
AZ_NW	2026	1	71034	1.1944
AZ_NW	2026	2	97529	1.8006
AZ_NW	2026	3	150191	1.8466
AZ_NW	2026	4	183619	2.8243
AZ_NW	2026	5	206600	3.0856
AZ_NW	2026	6	225403	3.104
AZ_NW	2026	7	2210724	3.1418
AZ_NW	2026	8	2218401	75.9812
AZ_NW	2026	9	0	999999999
AZ_NW	2036	1	71034	1.1944
AZ_NW	2036	2	97529	1.8006
AZ_NW	2036	3	150191	1.8466
AZ_NW	2036	4	183619	2.8243
AZ_NW	2036	5	206600	3.0856
AZ_NW	2036	6	225403	3.104
AZ_NW	2036	7	2210724	3.1418
AZ_NW	2036	8	2218401	75.9812
AZ_NW	2036	9	0	999999999
AZ_NW	2046	1	71034	1.1944
AZ_NW	2046	2	97529	1.8006
AZ_NW	2046	3	150191	1.8466
AZ_NW	2046	4	183619	2.8243
AZ_NW	2046	5	206600	3.0856
AZ_NW	2046	6	225403	3.104
AZ_NW	2046	7	2210724	3.1418
AZ_NW	2046	8	2218401	75.9812
AZ_NW	2046	9	0	999999999
AZ_PHX	2014	1	6565209	1.5825
AZ_PHX	2014	2	15708997	1.9877
AZ_PHX	2014	3	16294686	9.2854
AZ_PHX	2014	4	16602586	63.0273
AZ_PHX	2014	5	16785684	199.935
AZ_PHX	2014	6	0	999999999
AZ_PHX	2016	1	134169	1.3375
AZ_PHX	2016	2	7340230	1.6005
AZ_PHX	2016	3	16263607	1.9942
AZ_PHX	2016	4	16321470	38.8436
AZ_PHX	2016	5	16673283	46.7017
AZ_PHX	2016	6	16899404	80.2032
AZ_PHX	2016	7	0	999999999
AZ_PHX	2026	1	815958	1.3911
AZ_PHX	2026	2	7416307	1.612
AZ_PHX	2026	3	16348680	2.0023
AZ_PHX	2026	4	16406542	35.6472
AZ_PHX	2026	5	16407069	42.0914
AZ_PHX	2026	6	17115236	43.2466
AZ_PHX	2026	7	0	999999999
AZ_PHX	2036	1	815958	1.3911
AZ_PHX	2036	2	7416307	1.612
AZ_PHX	2036	3	16348680	2.0023
AZ_PHX	2036	4	16406542	35.6472
AZ_PHX	2036	5	16407069	42.0914
AZ_PHX	2036	6	17115236	43.2466
AZ_PHX	2036	7	0	999999999
AZ_PHX	2046	1	815958	1.3911
AZ_PHX	2046	2	7416307	1.612
AZ_PHX	2046	3	16348680	2.0023
AZ_PHX	2046	4	16406542	35.6472
AZ_PHX	2046	5	16407069	42.0914
AZ_PHX	2046	6	17115236	43.2466
AZ_PHX	2046	7	0	999999999
AZ_SE	2014	1	1255005	1.5717
AZ_SE	2014	2	4430894	2.0226
AZ_SE	2014	3	5284598	3.1946
AZ_SE	2014	4	10098695	4.4376
AZ_SE	2014	5	10321204	102.7509
AZ_SE	2014	6	0	999999999
AZ_SE	2016	1	80660	1.3265
AZ_SE	2016	2	3547305	1.6208
AZ_SE	2016	3	5172208	2.2504
AZ_SE	2016	4	5453477	3.9448
AZ_SE	2016	5	10332118	4.2368
AZ_SE	2016	6	10606911	38.083
AZ_SE	2016	7	0	999999999
AZ_SE	2026	1	909202	1.3949
AZ_SE	2026	2	3658730	1.6556
AZ_SE	2026	3	5485677	2.2172
AZ_SE	2026	4	5766947	4.0104
AZ_SE	2026	5	10658769	4.31
AZ_SE	2026	6	11079285	19.7189
AZ_SE	2026	7	0	999999999
AZ_SE	2036	1	909202	1.3949
AZ_SE	2036	2	3658730	1.6556
AZ_SE	2036	3	5485677	2.2172
AZ_SE	2036	4	5766947	4.0104
AZ_SE	2036	5	10658769	4.31
AZ_SE	2036	6	11079285	19.7189
AZ_SE	2036	7	0	999999999
AZ_SE	2046	1	909202	1.3949
AZ_SE	2046	2	3658730	1.6556
AZ_SE	2046	3	5485677	2.2172
AZ_SE	2046	4	5766947	4.0104
AZ_SE	2046	5	10658769	4.31
AZ_SE	2046	6	11079285	19.7189
AZ_SE	2046	7	0	999999999
CAN_ALB	2014	1	3291004	0.2694
CAN_ALB	2014	2	8938037	1.9604
CAN_ALB	2014	3	74258938	1.9994
CAN_ALB	2014	4	225551177	2.7023
CAN_ALB	2014	5	269466711	7.1335
CAN_ALB	2014	6	270277569	12.2483
CAN_ALB	2014	7	272710140	13.5325
CAN_ALB	2014	8	359735312	15.0445
CAN_ALB	2014	9	379959819	17.1722
CAN_ALB	2014	10	0	999999999
CAN_ALB	2016	1	3291004	0.2694
CAN_ALB	2016	2	8938037	1.9604
CAN_ALB	2016	3	74258938	1.9994
CAN_ALB	2016	4	225551177	2.7023
CAN_ALB	2016	5	269466711	7.1335
CAN_ALB	2016	6	270277569	12.2483
CAN_ALB	2016	7	272710140	13.5325
CAN_ALB	2016	8	359735312	15.0445
CAN_ALB	2016	9	379959819	17.1722
CAN_ALB	2016	10	0	999999999
CAN_ALB	2026	1	3291004	0.2694
CAN_ALB	2026	2	8938037	1.9604
CAN_ALB	2026	3	74258938	1.9994
CAN_ALB	2026	4	225551177	2.7023
CAN_ALB	2026	5	269466711	7.1335
CAN_ALB	2026	6	270277569	12.2483
CAN_ALB	2026	7	272710140	13.5325
CAN_ALB	2026	8	359735312	15.0445
CAN_ALB	2026	9	379959819	17.1722
CAN_ALB	2026	10	0	999999999
CAN_ALB	2036	1	3291004	0.2694
CAN_ALB	2036	2	8938037	1.9604
CAN_ALB	2036	3	74258938	1.9994
CAN_ALB	2036	4	225551177	2.7023
CAN_ALB	2036	5	269466711	7.1335
CAN_ALB	2036	6	270277569	12.2483
CAN_ALB	2036	7	272710140	13.5325
CAN_ALB	2036	8	359735312	15.0445
CAN_ALB	2036	9	379959819	17.1722
CAN_ALB	2036	10	0	999999999
CAN_ALB	2046	1	3291004	0.2694
CAN_ALB	2046	2	8938037	1.9604
CAN_ALB	2046	3	74258938	1.9994
CAN_ALB	2046	4	225551177	2.7023
CAN_ALB	2046	5	269466711	7.1335
CAN_ALB	2046	6	270277569	12.2483
CAN_ALB	2046	7	272710140	13.5325
CAN_ALB	2046	8	359735312	15.0445
CAN_ALB	2046	9	379959819	17.1722
CAN_ALB	2046	10	0	999999999
CAN_BC	2014	1	4634665	0.2914
CAN_BC	2014	2	22656085	1.6069
CAN_BC	2014	3	78657585	2.0304
CAN_BC	2014	4	265162834	3.6698
CAN_BC	2014	5	267689692	112.7494
CAN_BC	2014	6	269268977	138.1165
CAN_BC	2014	7	271293858	183.8388
CAN_BC	2014	8	271375875	245.7961
CAN_BC	2014	9	274387511	333.7814
CAN_BC	2014	10	0	999999999
CAN_BC	2016	1	4634665	0.2914
CAN_BC	2016	2	22656085	1.6069
CAN_BC	2016	3	78657585	2.0304
CAN_BC	2016	4	265162834	3.6698
CAN_BC	2016	5	267689692	112.7494
CAN_BC	2016	6	269268977	138.1165
CAN_BC	2016	7	271293858	183.8388
CAN_BC	2016	8	271375875	245.7961
CAN_BC	2016	9	274387511	333.7814
CAN_BC	2016	10	0	999999999
CAN_BC	2026	1	4634665	0.2914
CAN_BC	2026	2	22656085	1.6069
CAN_BC	2026	3	78657585	2.0304
CAN_BC	2026	4	265162834	3.6698
CAN_BC	2026	5	267689692	112.7494
CAN_BC	2026	6	269268977	138.1165
CAN_BC	2026	7	271293858	183.8388
CAN_BC	2026	8	271375875	245.7961
CAN_BC	2026	9	274387511	333.7814
CAN_BC	2026	10	0	999999999
CAN_BC	2036	1	4634665	0.2914
CAN_BC	2036	2	22656085	1.6069
CAN_BC	2036	3	78657585	2.0304
CAN_BC	2036	4	265162834	3.6698
CAN_BC	2036	5	267689692	112.7494
CAN_BC	2036	6	269268977	138.1165
CAN_BC	2036	7	271293858	183.8388
CAN_BC	2036	8	271375875	245.7961
CAN_BC	2036	9	274387511	333.7814
CAN_BC	2036	10	0	999999999
CAN_BC	2046	1	4634665	0.2914
CAN_BC	2046	2	22656085	1.6069
CAN_BC	2046	3	78657585	2.0304
CAN_BC	2046	4	265162834	3.6698
CAN_BC	2046	5	267689692	112.7494
CAN_BC	2046	6	269268977	138.1165
CAN_BC	2046	7	271293858	183.8388
CAN_BC	2046	8	271375875	245.7961
CAN_BC	2046	9	274387511	333.7814
CAN_BC	2046	10	0	999999999
CA_IID	2014	1	68940	1.3378
CA_IID	2014	2	501355	2.0936
CA_IID	2014	3	2162285	3.2384
CA_IID	2014	4	2162368	18892.4103
CA_IID	2014	5	0	999999999
CA_IID	2016	1	71759	1.341
CA_IID	2016	2	501600	2.0992
CA_IID	2016	3	2162736	3.0113
CA_IID	2016	4	2162748	43918.9579
CA_IID	2016	5	0	999999999
CA_IID	2026	1	71879	1.3404
CA_IID	2026	2	502039	2.066
CA_IID	2026	3	2163323	3.0201
CA_IID	2026	4	2163335	43934.5691
CA_IID	2026	5	0	999999999
CA_IID	2036	1	71879	1.3404
CA_IID	2036	2	502039	2.066
CA_IID	2036	3	2163323	3.0201
CA_IID	2036	4	2163335	43934.5691
CA_IID	2036	5	0	999999999
CA_IID	2046	1	71879	1.3404
CA_IID	2046	2	502039	2.066
CA_IID	2046	3	2163323	3.0201
CA_IID	2046	4	2163335	43934.5691
CA_IID	2046	5	0	999999999
CA_LADWP	2014	1	6091842	1.583
CA_LADWP	2014	2	14393701	1.9844
CA_LADWP	2014	3	14522073	130.1389
CA_LADWP	2014	4	0	999999999
CA_LADWP	2016	1	6091842	1.583
CA_LADWP	2016	2	14393701	1.9844
CA_LADWP	2016	3	14522073	110.4239
CA_LADWP	2016	4	0	999999999
CA_LADWP	2026	1	6091842	1.583
CA_LADWP	2026	2	14393701	1.9844
CA_LADWP	2026	3	14522073	110.4239
CA_LADWP	2026	4	0	999999999
CA_LADWP	2036	1	6091842	1.583
CA_LADWP	2036	2	14393701	1.9844
CA_LADWP	2036	3	14522073	110.4239
CA_LADWP	2036	4	0	999999999
CA_LADWP	2046	1	6091842	1.583
CA_LADWP	2046	2	14393701	1.9844
CA_LADWP	2046	3	14522073	110.4239
CA_LADWP	2046	4	0	999999999
CA_PGE_BAY	2014	1	7292048	1.5628
CA_PGE_BAY	2014	2	16922780	2.0319
CA_PGE_BAY	2014	3	19822008	9.4633
CA_PGE_BAY	2014	4	19828234	864.9199
CA_PGE_BAY	2014	5	19845925	1605.2482
CA_PGE_BAY	2014	6	19856223	2384.8644
CA_PGE_BAY	2014	7	19864318	2579.3685
CA_PGE_BAY	2014	8	19873470	3178.837
CA_PGE_BAY	2014	9	19894744	4574.2733
CA_PGE_BAY	2014	10	0	999999999
CA_PGE_BAY	2016	1	7477733	1.5624
CA_PGE_BAY	2016	2	16962812	2.0333
CA_PGE_BAY	2016	3	19840201	8.3721
CA_PGE_BAY	2016	4	19863494	1622.0376
CA_PGE_BAY	2016	5	19873792	2375.1731
CA_PGE_BAY	2016	6	19881887	2569.851
CA_PGE_BAY	2016	7	19891039	3169.8514
CA_PGE_BAY	2016	8	19912314	4566.5223
CA_PGE_BAY	2016	9	0	999999999
CA_PGE_BAY	2026	1	16528688	1.7002
CA_PGE_BAY	2026	2	19851940	7.5313
CA_PGE_BAY	2026	3	19887061	938.9963
CA_PGE_BAY	2026	4	19897359	2518.1324
CA_PGE_BAY	2026	5	19905454	2713.0435
CA_PGE_BAY	2026	6	19914607	3313.7574
CA_PGE_BAY	2026	7	19935881	4712.0844
CA_PGE_BAY	2026	8	0	999999999
CA_PGE_BAY	2036	1	16528688	1.7002
CA_PGE_BAY	2036	2	19851940	7.5313
CA_PGE_BAY	2036	3	19887061	938.9963
CA_PGE_BAY	2036	4	19897359	2518.1324
CA_PGE_BAY	2036	5	19905454	2713.0435
CA_PGE_BAY	2036	6	19914607	3313.7574
CA_PGE_BAY	2036	7	19935881	4712.0844
CA_PGE_BAY	2036	8	0	999999999
CA_PGE_BAY	2046	1	16528688	1.7002
CA_PGE_BAY	2046	2	19851940	7.5313
CA_PGE_BAY	2046	3	19887061	938.9963
CA_PGE_BAY	2046	4	19897359	2518.1324
CA_PGE_BAY	2046	5	19905454	2713.0435
CA_PGE_BAY	2046	6	19914607	3313.7574
CA_PGE_BAY	2046	7	19935881	4712.0844
CA_PGE_BAY	2046	8	0	999999999
CA_PGE_CEN	2014	1	2483180	1.1847
CA_PGE_CEN	2014	2	47822360	1.9843
CA_PGE_CEN	2014	3	59365014	6.998
CA_PGE_CEN	2014	4	59605938	53.6714
CA_PGE_CEN	2014	5	59621267	5892.4528
CA_PGE_CEN	2014	6	59630190	8231.2855
CA_PGE_CEN	2014	7	59637204	8910.1573
CA_PGE_CEN	2014	8	59645134	10991.8575
CA_PGE_CEN	2014	9	59663567	15828.1701
CA_PGE_CEN	2014	10	0	999999999
CA_PGE_CEN	2016	1	3070429	1.2236
CA_PGE_CEN	2016	2	49022645	1.9386
CA_PGE_CEN	2016	3	60223923	6.6153
CA_PGE_CEN	2016	4	60246898	5019.4412
CA_PGE_CEN	2016	5	60255821	8260.3959
CA_PGE_CEN	2016	6	60262835	8946.4105
CA_PGE_CEN	2016	7	60270765	11049.9687
CA_PGE_CEN	2016	8	60289198	15937.0226
CA_PGE_CEN	2016	9	0	999999999
CA_PGE_CEN	2026	1	2888171	1.1896
CA_PGE_CEN	2026	2	50007421	1.9288
CA_PGE_CEN	2026	3	61208124	6.7256
CA_PGE_CEN	2026	4	61227325	3259.7216
CA_PGE_CEN	2026	5	61242654	3407.2757
CA_PGE_CEN	2026	6	61251577	8454.7205
CA_PGE_CEN	2026	7	61258591	9152.1035
CA_PGE_CEN	2026	8	61266521	11290.4508
CA_PGE_CEN	2026	9	61284954	16258.2647
CA_PGE_CEN	2026	10	0	999999999
CA_PGE_CEN	2036	1	2888171	1.1896
CA_PGE_CEN	2036	2	50007421	1.9288
CA_PGE_CEN	2036	3	61208124	6.7256
CA_PGE_CEN	2036	4	61227325	3259.7216
CA_PGE_CEN	2036	5	61242654	3407.2757
CA_PGE_CEN	2036	6	61251577	8454.7205
CA_PGE_CEN	2036	7	61258591	9152.1035
CA_PGE_CEN	2036	8	61266521	11290.4508
CA_PGE_CEN	2036	9	61284954	16258.2647
CA_PGE_CEN	2036	10	0	999999999
CA_PGE_CEN	2046	1	2888171	1.1896
CA_PGE_CEN	2046	2	50007421	1.9288
CA_PGE_CEN	2046	3	61208124	6.7256
CA_PGE_CEN	2046	4	61227325	3259.7216
CA_PGE_CEN	2046	5	61242654	3407.2757
CA_PGE_CEN	2046	6	61251577	8454.7205
CA_PGE_CEN	2046	7	61258591	9152.1035
CA_PGE_CEN	2046	8	61266521	11290.4508
CA_PGE_CEN	2046	9	61284954	16258.2647
CA_PGE_CEN	2046	10	0	999999999
CA_PGE_N	2014	1	3385782	1.0232
CA_PGE_N	2014	2	17316693	1.4483
CA_PGE_N	2014	3	74326825	2.0082
CA_PGE_N	2014	4	115796752	4.844
CA_PGE_N	2014	5	117133231	31.5297
CA_PGE_N	2014	6	117399538	139.7258
CA_PGE_N	2014	7	117531763	943.1036
CA_PGE_N	2014	8	117573728	1237.1633
CA_PGE_N	2014	9	117609021	1353.4096
CA_PGE_N	2014	10	117639821	1501.7075
CA_PGE_N	2014	11	117670119	1670.044
CA_PGE_N	2014	12	117694867	1888.6042
CA_PGE_N	2014	13	117717660	2144.8486
CA_PGE_N	2014	14	117738828	2443.8166
CA_PGE_N	2014	15	117759850	2783.6644
CA_PGE_N	2014	16	117779234	3188.7377
CA_PGE_N	2014	17	117796794	3677.3248
CA_PGE_N	2014	18	117813496	4260.2134
CA_PGE_N	2014	19	117898364	4968.4945
CA_PGE_N	2014	20	0	999999999
CA_PGE_N	2016	1	3385782	0.9675
CA_PGE_N	2016	2	22218420	1.4364
CA_PGE_N	2016	3	64027479	1.995
CA_PGE_N	2016	4	83699754	2.8741
CA_PGE_N	2016	5	118255744	4.5217
CA_PGE_N	2016	6	118721615	70.4406
CA_PGE_N	2016	7	118751701	889.6441
CA_PGE_N	2016	8	118891219	970.2324
CA_PGE_N	2016	9	118933185	1327.3038
CA_PGE_N	2016	10	118968477	1444.9064
CA_PGE_N	2016	11	118999277	1594.9292
CA_PGE_N	2016	12	119029575	1765.2216
CA_PGE_N	2016	13	119054324	1986.3155
CA_PGE_N	2016	14	119077116	2245.5274
CA_PGE_N	2016	15	119098284	2547.9547
CA_PGE_N	2016	16	119119306	2891.7329
CA_PGE_N	2016	17	119138690	3301.4879
CA_PGE_N	2016	18	119156250	3795.7188
CA_PGE_N	2016	19	119172952	4385.3374
CA_PGE_N	2016	20	119257821	5101.7931
CA_PGE_N	2016	21	0	999999999
CA_PGE_N	2026	1	3385782	0.9675
CA_PGE_N	2026	2	22219083	1.4364
CA_PGE_N	2026	3	65054307	1.9851
CA_PGE_N	2026	4	84726582	2.8979
CA_PGE_N	2026	5	119285443	4.5431
CA_PGE_N	2026	6	119751314	71.0326
CA_PGE_N	2026	7	119781400	974.9816
CA_PGE_N	2026	8	119928212	1016.7357
CA_PGE_N	2026	9	119970177	1297.7274
CA_PGE_N	2026	10	120005470	1416.3647
CA_PGE_N	2026	11	120036270	1567.7033
CA_PGE_N	2026	12	120066568	1739.4877
CA_PGE_N	2026	13	120091316	1962.5142
CA_PGE_N	2026	14	120114109	2223.9896
CA_PGE_N	2026	15	120135277	2529.0559
CA_PGE_N	2026	16	120156299	2875.8322
CA_PGE_N	2026	17	120175683	3289.1583
CA_PGE_N	2026	18	120193243	3787.6942
CA_PGE_N	2026	19	120209945	4382.4465
CA_PGE_N	2026	20	120294813	5105.1379
CA_PGE_N	2026	21	0	999999999
CA_PGE_N	2036	1	3385782	0.9675
CA_PGE_N	2036	2	22219083	1.4364
CA_PGE_N	2036	3	65054307	1.9851
CA_PGE_N	2036	4	84726582	2.8979
CA_PGE_N	2036	5	119285443	4.5431
CA_PGE_N	2036	6	119751314	71.0326
CA_PGE_N	2036	7	119781400	974.9816
CA_PGE_N	2036	8	119928212	1016.7357
CA_PGE_N	2036	9	119970177	1297.7274
CA_PGE_N	2036	10	120005470	1416.3647
CA_PGE_N	2036	11	120036270	1567.7033
CA_PGE_N	2036	12	120066568	1739.4877
CA_PGE_N	2036	13	120091316	1962.5142
CA_PGE_N	2036	14	120114109	2223.9896
CA_PGE_N	2036	15	120135277	2529.0559
CA_PGE_N	2036	16	120156299	2875.8322
CA_PGE_N	2036	17	120175683	3289.1583
CA_PGE_N	2036	18	120193243	3787.6942
CA_PGE_N	2036	19	120209945	4382.4465
CA_PGE_N	2036	20	120294813	5105.1379
CA_PGE_N	2036	21	0	999999999
CA_PGE_N	2046	1	3385782	0.9675
CA_PGE_N	2046	2	22219083	1.4364
CA_PGE_N	2046	3	65054307	1.9851
CA_PGE_N	2046	4	84726582	2.8979
CA_PGE_N	2046	5	119285443	4.5431
CA_PGE_N	2046	6	119751314	71.0326
CA_PGE_N	2046	7	119781400	974.9816
CA_PGE_N	2046	8	119928212	1016.7357
CA_PGE_N	2046	9	119970177	1297.7274
CA_PGE_N	2046	10	120005470	1416.3647
CA_PGE_N	2046	11	120036270	1567.7033
CA_PGE_N	2046	12	120066568	1739.4877
CA_PGE_N	2046	13	120091316	1962.5142
CA_PGE_N	2046	14	120114109	2223.9896
CA_PGE_N	2046	15	120135277	2529.0559
CA_PGE_N	2046	16	120156299	2875.8322
CA_PGE_N	2046	17	120175683	3289.1583
CA_PGE_N	2046	18	120193243	3787.6942
CA_PGE_N	2046	19	120209945	4382.4465
CA_PGE_N	2046	20	120294813	5105.1379
CA_PGE_N	2046	21	0	999999999
CA_PGE_S	2014	1	59671	1.0723
CA_PGE_S	2014	2	287584	1.3438
CA_PGE_S	2014	3	800996	1.727
CA_PGE_S	2014	4	927505	1.7416
CA_PGE_S	2014	5	9874150	2.0268
CA_PGE_S	2014	6	10953155	3.0204
CA_PGE_S	2014	7	11062031	3.8079
CA_PGE_S	2014	8	11114537	4.1038
CA_PGE_S	2014	9	16541230	4.6389
CA_PGE_S	2014	10	16625627	34.9365
CA_PGE_S	2014	11	16632793	262.9533
CA_PGE_S	2014	12	0	999999999
CA_PGE_S	2016	1	287584	1.2299
CA_PGE_S	2016	2	3621225	1.6501
CA_PGE_S	2016	3	11415305	2.1324
CA_PGE_S	2016	4	16894503	4.4471
CA_PGE_S	2016	5	16901669	601.8232
CA_PGE_S	2016	6	16908118	4562.7318
CA_PGE_S	2016	7	0	999999999
CA_PGE_S	2026	1	208299	1.1889
CA_PGE_S	2026	2	1100781	1.5957
CA_PGE_S	2026	3	5051742	1.7214
CA_PGE_S	2026	4	11844705	2.2243
CA_PGE_S	2026	5	11897210	3.9237
CA_PGE_S	2026	6	17331070	4.4698
CA_PGE_S	2026	7	17343966	1549.9923
CA_PGE_S	2026	8	0	999999999
CA_PGE_S	2036	1	208299	1.1889
CA_PGE_S	2036	2	1100781	1.5957
CA_PGE_S	2036	3	5051742	1.7214
CA_PGE_S	2036	4	11844705	2.2243
CA_PGE_S	2036	5	11897210	3.9237
CA_PGE_S	2036	6	17331070	4.4698
CA_PGE_S	2036	7	17343966	1549.9923
CA_PGE_S	2036	8	0	999999999
CA_PGE_S	2046	1	208299	1.1889
CA_PGE_S	2046	2	1100781	1.5957
CA_PGE_S	2046	3	5051742	1.7214
CA_PGE_S	2046	4	11844705	2.2243
CA_PGE_S	2046	5	11897210	3.9237
CA_PGE_S	2046	6	17331070	4.4698
CA_PGE_S	2046	7	17343966	1549.9923
CA_PGE_S	2046	8	0	999999999
CA_SCE_CEN	2014	1	47735	0.6636
CA_SCE_CEN	2014	2	481887	1.1172
CA_SCE_CEN	2014	3	2576650	1.4006
CA_SCE_CEN	2014	4	4428956	1.9331
CA_SCE_CEN	2014	5	8132079	1.973
CA_SCE_CEN	2014	6	17254161	2.1724
CA_SCE_CEN	2014	7	18728571	3.3466
CA_SCE_CEN	2014	8	19122276	3.7075
CA_SCE_CEN	2014	9	33399907	4.0502
CA_SCE_CEN	2014	10	33541789	52.7218
CA_SCE_CEN	2014	11	33558147	678.2194
CA_SCE_CEN	2014	12	0	999999999
CA_SCE_CEN	2016	1	47735	0.6636
CA_SCE_CEN	2016	2	481887	1.0469
CA_SCE_CEN	2016	3	1630607	1.367
CA_SCE_CEN	2016	4	3509667	1.5671
CA_SCE_CEN	2016	5	7774408	1.7629
CA_SCE_CEN	2016	6	11459351	2.2253
CA_SCE_CEN	2016	7	19061378	2.271
CA_SCE_CEN	2016	8	19455083	3.4658
CA_SCE_CEN	2016	9	33718157	3.7966
CA_SCE_CEN	2016	10	33782871	135.1144
CA_SCE_CEN	2016	11	33799229	524.871
CA_SCE_CEN	2016	12	0	999999999
CA_SCE_CEN	2026	1	47735	0.6636
CA_SCE_CEN	2026	2	481887	1.0469
CA_SCE_CEN	2026	3	1630607	1.367
CA_SCE_CEN	2026	4	3668111	1.5528
CA_SCE_CEN	2026	5	8091736	1.7631
CA_SCE_CEN	2026	6	11840985	2.2405
CA_SCE_CEN	2026	7	19443012	2.2789
CA_SCE_CEN	2026	8	19836717	3.4796
CA_SCE_CEN	2026	9	34107070	3.8165
CA_SCE_CEN	2026	10	34171784	136.6431
CA_SCE_CEN	2026	11	34188142	530.8809
CA_SCE_CEN	2026	12	0	999999999
CA_SCE_CEN	2036	1	47735	0.6636
CA_SCE_CEN	2036	2	481887	1.0469
CA_SCE_CEN	2036	3	1630607	1.367
CA_SCE_CEN	2036	4	3668111	1.5528
CA_SCE_CEN	2036	5	8091736	1.7631
CA_SCE_CEN	2036	6	11840985	2.2405
CA_SCE_CEN	2036	7	19443012	2.2789
CA_SCE_CEN	2036	8	19836717	3.4796
CA_SCE_CEN	2036	9	34107070	3.8165
CA_SCE_CEN	2036	10	34171784	136.6431
CA_SCE_CEN	2036	11	34188142	530.8809
CA_SCE_CEN	2036	12	0	999999999
CA_SCE_CEN	2046	1	47735	0.6636
CA_SCE_CEN	2046	2	481887	1.0469
CA_SCE_CEN	2046	3	1630607	1.367
CA_SCE_CEN	2046	4	3668111	1.5528
CA_SCE_CEN	2046	5	8091736	1.7631
CA_SCE_CEN	2046	6	11840985	2.2405
CA_SCE_CEN	2046	7	19443012	2.2789
CA_SCE_CEN	2046	8	19836717	3.4796
CA_SCE_CEN	2046	9	34107070	3.8165
CA_SCE_CEN	2046	10	34171784	136.6431
CA_SCE_CEN	2046	11	34188142	530.8809
CA_SCE_CEN	2046	12	0	999999999
CA_SCE_S	2014	1	26427258	1.7115
CA_SCE_S	2014	2	26913324	17.1714
CA_SCE_S	2014	3	28235097	22.4579
CA_SCE_S	2014	4	0	999999999
CA_SCE_S	2016	1	26427258	1.7115
CA_SCE_S	2016	2	26913324	17.1714
CA_SCE_S	2016	3	28235097	18.7351
CA_SCE_S	2016	4	0	999999999
CA_SCE_S	2026	1	26427258	1.7115
CA_SCE_S	2026	2	26913324	17.1714
CA_SCE_S	2026	3	28235097	18.7351
CA_SCE_S	2026	4	0	999999999
CA_SCE_S	2036	1	26427258	1.7115
CA_SCE_S	2036	2	26913324	17.1714
CA_SCE_S	2036	3	28235097	18.7351
CA_SCE_S	2036	4	0	999999999
CA_SCE_S	2046	1	26427258	1.7115
CA_SCE_S	2046	2	26913324	17.1714
CA_SCE_S	2046	3	28235097	18.7351
CA_SCE_S	2046	4	0	999999999
CA_SCE_SE	2014	1	106476	1.3378
CA_SCE_SE	2014	2	607138	2.1264
CA_SCE_SE	2014	3	2230743	3.3081
CA_SCE_SE	2014	4	2231080	4783.5119
CA_SCE_SE	2014	5	0	999999999
CA_SCE_SE	2016	1	114409	1.3435
CA_SCE_SE	2016	2	607828	2.1408
CA_SCE_SE	2016	3	2232047	3.0679
CA_SCE_SE	2016	4	2232151	5399.0044
CA_SCE_SE	2016	5	0	999999999
CA_SCE_SE	2026	1	114746	1.3424
CA_SCE_SE	2026	2	609061	2.0971
CA_SCE_SE	2026	3	2233697	3.0818
CA_SCE_SE	2026	4	2233802	5404.3137
CA_SCE_SE	2026	5	0	999999999
CA_SCE_SE	2036	1	114746	1.3424
CA_SCE_SE	2036	2	609061	2.0971
CA_SCE_SE	2036	3	2233697	3.0818
CA_SCE_SE	2036	4	2233802	5404.3137
CA_SCE_SE	2036	5	0	999999999
CA_SCE_SE	2046	1	114746	1.3424
CA_SCE_SE	2046	2	609061	2.0971
CA_SCE_SE	2046	3	2233697	3.0818
CA_SCE_SE	2046	4	2233802	5404.3137
CA_SCE_SE	2046	5	0	999999999
CA_SCE_VLY	2014	1	5022	1.0723
CA_SCE_VLY	2014	2	36917	1.3505
CA_SCE_VLY	2014	3	181805	1.6506
CA_SCE_VLY	2014	4	191863	1.9861
CA_SCE_VLY	2014	5	8776422	1.9971
CA_SCE_VLY	2014	6	9611492	3.1043
CA_SCE_VLY	2014	7	9616542	5.2797
CA_SCE_VLY	2014	8	9621554	7.1041
CA_SCE_VLY	2014	9	10952606	8.945
CA_SCE_VLY	2014	10	11022733	31.6242
CA_SCE_VLY	2014	11	11022748	82762.4073
CA_SCE_VLY	2014	12	11022750	1592246.2421
CA_SCE_VLY	2014	13	0	999999999
CA_SCE_VLY	2016	1	5022	1.0089
CA_SCE_VLY	2016	2	36917	1.3683
CA_SCE_VLY	2016	3	1482206	1.5996
CA_SCE_VLY	2016	4	2534477	1.8697
CA_SCE_VLY	2016	5	9898778	2.0843
CA_SCE_VLY	2016	6	9903791	6.7333
CA_SCE_VLY	2016	7	11234839	8.6099
CA_SCE_VLY	2016	8	11234854	190877.4161
CA_SCE_VLY	2016	9	11234856	1526972.7016
CA_SCE_VLY	2016	10	0	999999999
CA_SCE_VLY	2026	1	5022	1.0089
CA_SCE_VLY	2026	2	180895	1.3975
CA_SCE_VLY	2026	3	1796827	1.6158
CA_SCE_VLY	2026	4	2815872	1.9126
CA_SCE_VLY	2026	5	10238612	2.0925
CA_SCE_VLY	2026	6	10243624	6.8769
CA_SCE_VLY	2026	7	11574675	8.818
CA_SCE_VLY	2026	8	11574690	196651.0774
CA_SCE_VLY	2026	9	11574692	1573160.9859
CA_SCE_VLY	2026	10	0	999999999
CA_SCE_VLY	2036	1	5022	1.0089
CA_SCE_VLY	2036	2	180895	1.3975
CA_SCE_VLY	2036	3	1796827	1.6158
CA_SCE_VLY	2036	4	2815872	1.9126
CA_SCE_VLY	2036	5	10238612	2.0925
CA_SCE_VLY	2036	6	10243624	6.8769
CA_SCE_VLY	2036	7	11574675	8.818
CA_SCE_VLY	2036	8	11574690	196651.0774
CA_SCE_VLY	2036	9	11574692	1573160.9859
CA_SCE_VLY	2036	10	0	999999999
CA_SCE_VLY	2046	1	5022	1.0089
CA_SCE_VLY	2046	2	180895	1.3975
CA_SCE_VLY	2046	3	1796827	1.6158
CA_SCE_VLY	2046	4	2815872	1.9126
CA_SCE_VLY	2046	5	10238612	2.0925
CA_SCE_VLY	2046	6	10243624	6.8769
CA_SCE_VLY	2046	7	11574675	8.818
CA_SCE_VLY	2046	8	11574690	196651.0774
CA_SCE_VLY	2046	9	11574692	1573160.9859
CA_SCE_VLY	2046	10	0	999999999
CA_SDGE	2014	1	9350371	1.7054
CA_SDGE	2014	2	10201742	5.1241
CA_SDGE	2014	3	11244896	12.3191
CA_SDGE	2014	4	0	999999999
CA_SDGE	2016	1	9350371	1.7054
CA_SDGE	2016	2	10201742	5.1241
CA_SDGE	2016	3	11244896	10.4404
CA_SDGE	2016	4	0	999999999
CA_SDGE	2026	1	9350371	1.7054
CA_SDGE	2026	2	10201742	5.1241
CA_SDGE	2026	3	11244896	10.4404
CA_SDGE	2026	4	0	999999999
CA_SDGE	2036	1	9350371	1.7054
CA_SDGE	2036	2	10201742	5.1241
CA_SDGE	2036	3	11244896	10.4404
CA_SDGE	2036	4	0	999999999
CA_SDGE	2046	1	9350371	1.7054
CA_SDGE	2046	2	10201742	5.1241
CA_SDGE	2046	3	11244896	10.4404
CA_SDGE	2046	4	0	999999999
CA_SMUD	2014	1	39716	1.0723
CA_SMUD	2014	2	324802	1.3758
CA_SMUD	2014	3	1268674	1.6757
CA_SMUD	2014	4	2529094	2.0473
CA_SMUD	2014	5	3624947	2.3682
CA_SMUD	2014	6	3674600	5.3209
CA_SMUD	2014	7	3710593	6.5368
CA_SMUD	2014	8	4301592	7.8502
CA_SMUD	2014	9	4393266	21.5443
CA_SMUD	2014	10	4415586	66.3189
CA_SMUD	2014	11	0	999999999
CA_SMUD	2016	1	39716	1.0089
CA_SMUD	2016	2	142744	1.3584
CA_SMUD	2016	3	324802	1.3978
CA_SMUD	2016	4	1865777	1.6232
CA_SMUD	2016	5	3126276	2.1516
CA_SMUD	2016	6	3857406	2.7385
CA_SMUD	2016	7	3907059	4.562
CA_SMUD	2016	8	3943052	6.0268
CA_SMUD	2016	9	4524057	7.6349
CA_SMUD	2016	10	4530261	190.0274
CA_SMUD	2016	11	4531499	929.4253
CA_SMUD	2016	12	0	999999999
CA_SMUD	2026	1	39716	1.0089
CA_SMUD	2026	2	142744	1.3584
CA_SMUD	2026	3	324802	1.3978
CA_SMUD	2026	4	1941479	1.6229
CA_SMUD	2026	5	3202008	2.1635
CA_SMUD	2026	6	3944234	2.743
CA_SMUD	2026	7	3993887	4.6221
CA_SMUD	2026	8	4029880	6.1005
CA_SMUD	2026	9	4610889	7.7442
CA_SMUD	2026	10	4617093	193.6278
CA_SMUD	2026	11	4618331	947.1882
CA_SMUD	2026	12	0	999999999
CA_SMUD	2036	1	39716	1.0089
CA_SMUD	2036	2	142744	1.3584
CA_SMUD	2036	3	324802	1.3978
CA_SMUD	2036	4	1941479	1.6229
CA_SMUD	2036	5	3202008	2.1635
CA_SMUD	2036	6	3944234	2.743
CA_SMUD	2036	7	3993887	4.6221
CA_SMUD	2036	8	4029880	6.1005
CA_SMUD	2036	9	4610889	7.7442
CA_SMUD	2036	10	4617093	193.6278
CA_SMUD	2036	11	4618331	947.1882
CA_SMUD	2036	12	0	999999999
CA_SMUD	2046	1	39716	1.0089
CA_SMUD	2046	2	142744	1.3584
CA_SMUD	2046	3	324802	1.3978
CA_SMUD	2046	4	1941479	1.6229
CA_SMUD	2046	5	3202008	2.1635
CA_SMUD	2046	6	3944234	2.743
CA_SMUD	2046	7	3993887	4.6221
CA_SMUD	2046	8	4029880	6.1005
CA_SMUD	2046	9	4610889	7.7442
CA_SMUD	2046	10	4617093	193.6278
CA_SMUD	2046	11	4618331	947.1882
CA_SMUD	2046	12	0	999999999
CO_DEN	2014	1	416964	1.3377
CO_DEN	2014	2	7340666	1.6026
CO_DEN	2014	3	16937901	1.9878
CO_DEN	2014	4	23242837	3.4511
CO_DEN	2014	5	27042905	4.2686
CO_DEN	2014	6	29110971	13.2043
CO_DEN	2014	7	29110982	223630.0043
CO_DEN	2014	8	29111148	228135.2237
CO_DEN	2014	9	29111204	282200.8833
CO_DEN	2014	10	0	999999999
CO_DEN	2016	1	416964	1.336
CO_DEN	2016	2	14467738	1.5982
CO_DEN	2016	3	28887958	2.0692
CO_DEN	2016	4	29787596	11.6151
CO_DEN	2016	5	30499530	40.7286
CO_DEN	2016	6	30500152	3960.4998
CO_DEN	2016	7	30500163	49501.3089
CO_DEN	2016	8	30500175	63870.5893
CO_DEN	2016	9	30500197	78100.8877
CO_DEN	2016	10	30500697	120366.9408
CO_DEN	2016	11	0	999999999
CO_DEN	2026	1	416964	1.336
CO_DEN	2026	2	20649583	1.5969
CO_DEN	2026	3	30255548	2.2937
CO_DEN	2026	4	31171247	21.4255
CO_DEN	2026	5	31883682	30.8551
CO_DEN	2026	6	31883693	67431.0038
CO_DEN	2026	7	31884048	167619.5494
CO_DEN	2026	8	0	999999999
CO_DEN	2036	1	416964	1.336
CO_DEN	2036	2	20649583	1.5969
CO_DEN	2036	3	30255548	2.2937
CO_DEN	2036	4	31171247	21.4255
CO_DEN	2036	5	31883682	30.8551
CO_DEN	2036	6	31883693	67431.0038
CO_DEN	2036	7	31884048	167619.5494
CO_DEN	2036	8	0	999999999
CO_DEN	2046	1	416964	1.336
CO_DEN	2046	2	20649583	1.5969
CO_DEN	2046	3	30255548	2.2937
CO_DEN	2046	4	31171247	21.4255
CO_DEN	2046	5	31883682	30.8551
CO_DEN	2046	6	31883693	67431.0038
CO_DEN	2046	7	31884048	167619.5494
CO_DEN	2046	8	0	999999999
CO_E	2014	1	32897	0.8283
CO_E	2014	2	2099220	1.581
CO_E	2014	3	5942071	2.0216
CO_E	2014	4	26386495	2.3738
CO_E	2014	5	29834922	5.0962
CO_E	2014	6	37359795	6.1602
CO_E	2014	7	37363568	211.5849
CO_E	2014	8	37417160	269.0529
CO_E	2014	9	37489422	558.8075
CO_E	2014	10	37513864	886.2948
CO_E	2014	11	37530787	1223.9277
CO_E	2014	12	37558501	1384.858
CO_E	2014	13	37580744	1639.4198
CO_E	2014	14	37599476	2002.6939
CO_E	2014	15	37665980	2496.4542
CO_E	2014	16	0	999999999
CO_E	2016	1	32897	0.8028
CO_E	2016	2	24349446	1.5926
CO_E	2016	3	31087949	2.746
CO_E	2016	4	36568112	3.7351
CO_E	2016	5	40164198	12.1795
CO_E	2016	6	40172404	61.4276
CO_E	2016	7	40512146	98.719
CO_E	2016	8	40598663	449.1153
CO_E	2016	9	40622968	1223.8774
CO_E	2016	10	40639891	1279.7793
CO_E	2016	11	40667605	1454.1703
CO_E	2016	12	40689848	1729.8996
CO_E	2016	13	40708580	2123.2934
CO_E	2016	14	40775084	2657.9202
CO_E	2016	15	0	999999999
CO_E	2026	1	32897	0.8028
CO_E	2026	2	28433722	1.5927
CO_E	2026	3	31152761	4.1809
CO_E	2026	4	36735099	5.597
CO_E	2026	5	40326263	9.5303
CO_E	2026	6	40678944	101.7675
CO_E	2026	7	40694104	385.3293
CO_E	2026	8	40753309	493.4659
CO_E	2026	9	40777516	1241.4903
CO_E	2026	10	40794440	1297.2197
CO_E	2026	11	40822154	1472.2798
CO_E	2026	12	40844397	1749.0613
CO_E	2026	13	40863129	2143.9523
CO_E	2026	14	40929633	2680.6106
CO_E	2026	15	0	999999999
CO_E	2036	1	32897	0.8028
CO_E	2036	2	28433722	1.5927
CO_E	2036	3	31152761	4.1809
CO_E	2036	4	36735099	5.597
CO_E	2036	5	40326263	9.5303
CO_E	2036	6	40678944	101.7675
CO_E	2036	7	40694104	385.3293
CO_E	2036	8	40753309	493.4659
CO_E	2036	9	40777516	1241.4903
CO_E	2036	10	40794440	1297.2197
CO_E	2036	11	40822154	1472.2798
CO_E	2036	12	40844397	1749.0613
CO_E	2036	13	40863129	2143.9523
CO_E	2036	14	40929633	2680.6106
CO_E	2036	15	0	999999999
CO_E	2046	1	32897	0.8028
CO_E	2046	2	28433722	1.5927
CO_E	2046	3	31152761	4.1809
CO_E	2046	4	36735099	5.597
CO_E	2046	5	40326263	9.5303
CO_E	2046	6	40678944	101.7675
CO_E	2046	7	40694104	385.3293
CO_E	2046	8	40753309	493.4659
CO_E	2046	9	40777516	1241.4903
CO_E	2046	10	40794440	1297.2197
CO_E	2046	11	40822154	1472.2798
CO_E	2046	12	40844397	1749.0613
CO_E	2046	13	40863129	2143.9523
CO_E	2046	14	40929633	2680.6106
CO_E	2046	15	0	999999999
CO_NW	2014	1	1019346	1.4909
CO_NW	2014	2	1800491	2.8281
CO_NW	2014	3	12530565	3.4095
CO_NW	2014	4	12552718	1564.266
CO_NW	2014	5	12570667	1864.9749
CO_NW	2014	6	12587771	2938.6945
CO_NW	2014	7	0	999999999
CO_NW	2016	1	1861354	1.5608
CO_NW	2016	2	12600675	3.2777
CO_NW	2016	3	12622828	1682.8266
CO_NW	2016	4	12640776	1875.343
CO_NW	2016	5	12657881	2955.014
CO_NW	2016	6	0	999999999
CO_NW	2026	1	1890611	1.546
CO_NW	2026	2	12675304	3.2801
CO_NW	2026	3	12697457	1694.2828
CO_NW	2026	4	12715405	1886.3794
CO_NW	2026	5	12732510	2972.3855
CO_NW	2026	6	0	999999999
CO_NW	2036	1	1890611	1.546
CO_NW	2036	2	12675304	3.2801
CO_NW	2036	3	12697457	1694.2828
CO_NW	2036	4	12715405	1886.3794
CO_NW	2036	5	12732510	2972.3855
CO_NW	2036	6	0	999999999
CO_NW	2046	1	1890611	1.546
CO_NW	2046	2	12675304	3.2801
CO_NW	2046	3	12697457	1694.2828
CO_NW	2046	4	12715405	1886.3794
CO_NW	2046	5	12732510	2972.3855
CO_NW	2046	6	0	999999999
CO_SW	2014	1	876532	1.4946
CO_SW	2014	2	2520936	2.3731
CO_SW	2014	3	12084772	3.5165
CO_SW	2014	4	12173034	175.5155
CO_SW	2014	5	12203690	337.0997
CO_SW	2014	6	12228073	592.037
CO_SW	2014	7	12244530	679.6248
CO_SW	2014	8	12263518	895.8172
CO_SW	2014	9	12308381	1249.3591
CO_SW	2014	10	0	999999999
CO_SW	2016	1	2342367	1.5274
CO_SW	2016	2	12262253	3.3793
CO_SW	2016	3	12356777	47.1652
CO_SW	2016	4	12432663	170.3729
CO_SW	2016	5	12463320	368.2452
CO_SW	2016	6	12487703	606.8893
CO_SW	2016	7	12504159	696.3698
CO_SW	2016	8	12523148	917.177
CO_SW	2016	9	12568011	1278.2184
CO_SW	2016	10	0	999999999
CO_SW	2026	1	2798530	1.5553
CO_SW	2026	2	12646857	3.4391
CO_SW	2026	3	12724554	147.2704
CO_SW	2026	4	12753400	596.4341
CO_SW	2026	5	12777783	624.8715
CO_SW	2026	6	12794239	716.4667
CO_SW	2026	7	12813228	942.4299
CO_SW	2026	8	12858091	1311.8504
CO_SW	2026	9	0	999999999
CO_SW	2036	1	2798530	1.5553
CO_SW	2036	2	12646857	3.4391
CO_SW	2036	3	12724554	147.2704
CO_SW	2036	4	12753400	596.4341
CO_SW	2036	5	12777783	624.8715
CO_SW	2036	6	12794239	716.4667
CO_SW	2036	7	12813228	942.4299
CO_SW	2036	8	12858091	1311.8504
CO_SW	2036	9	0	999999999
CO_SW	2046	1	2798530	1.5553
CO_SW	2046	2	12646857	3.4391
CO_SW	2046	3	12724554	147.2704
CO_SW	2046	4	12753400	596.4341
CO_SW	2046	5	12777783	624.8715
CO_SW	2046	6	12794239	716.4667
CO_SW	2046	7	12813228	942.4299
CO_SW	2046	8	12858091	1311.8504
CO_SW	2046	9	0	999999999
ID_E	2014	1	82972	1.2774
ID_E	2014	2	962143	1.6175
ID_E	2014	3	2166400	1.9972
ID_E	2014	4	3327232	2.624
ID_E	2014	5	6995416	2.643
ID_E	2014	6	11261110	3.9467
ID_E	2014	7	11557032	14.4618
ID_E	2014	8	11753360	21.3359
ID_E	2014	9	11872542	152.3206
ID_E	2014	10	0	999999999
ID_E	2016	1	45691	1.1556
ID_E	2016	2	1041832	1.596
ID_E	2016	3	7612899	1.7269
ID_E	2016	4	9165247	3.5928
ID_E	2016	5	12105061	4.8258
ID_E	2016	6	12702745	9.2393
ID_E	2016	7	12781871	58.5017
ID_E	2016	8	12841552	125.2037
ID_E	2016	9	12858340	649.1406
ID_E	2016	10	0	999999999
ID_E	2026	1	45691	1.1556
ID_E	2026	2	2473506	1.4806
ID_E	2026	3	8884034	1.7962
ID_E	2026	4	10668450	3.4957
ID_E	2026	5	13388775	5.5519
ID_E	2026	6	13986459	9.5169
ID_E	2026	7	14135593	35.7911
ID_E	2026	8	14157123	925.9919
ID_E	2026	9	0	999999999
ID_E	2036	1	45691	1.1556
ID_E	2036	2	2473506	1.4806
ID_E	2036	3	8884034	1.7962
ID_E	2036	4	10668450	3.4957
ID_E	2036	5	13388775	5.5519
ID_E	2036	6	13986459	9.5169
ID_E	2036	7	14135593	35.7911
ID_E	2036	8	14157123	925.9919
ID_E	2036	9	0	999999999
ID_E	2046	1	45691	1.1556
ID_E	2046	2	2473506	1.4806
ID_E	2046	3	8884034	1.7962
ID_E	2046	4	10668450	3.4957
ID_E	2046	5	13388775	5.5519
ID_E	2046	6	13986459	9.5169
ID_E	2046	7	14135593	35.7911
ID_E	2046	8	14157123	925.9919
ID_E	2046	9	0	999999999
ID_S_OR_E	2014	1	1850625	1.0723
ID_S_OR_E	2014	2	9431234	1.4047
ID_S_OR_E	2014	3	26363435	2.0067
ID_S_OR_E	2014	4	31487824	2.7057
ID_S_OR_E	2014	5	35107270	4.4812
ID_S_OR_E	2014	6	38324528	4.5776
ID_S_OR_E	2014	7	47375596	5.1264
ID_S_OR_E	2014	8	49660408	10.5005
ID_S_OR_E	2014	9	49748258	49.5675
ID_S_OR_E	2014	10	49772182	73.1648
ID_S_OR_E	2014	11	49801239	89.5523
ID_S_OR_E	2014	12	50600192	106.761
ID_S_OR_E	2014	13	50607474	4209.3001
ID_S_OR_E	2014	14	0	999999999
ID_S_OR_E	2016	1	1850625	1.0089
ID_S_OR_E	2016	2	9431234	1.3569
ID_S_OR_E	2016	3	18364342	1.8677
ID_S_OR_E	2016	4	34124351	2.0965
ID_S_OR_E	2016	5	38655644	3.3356
ID_S_OR_E	2016	6	42351369	4.5772
ID_S_OR_E	2016	7	50518600	5.4787
ID_S_OR_E	2016	8	51720703	28.2364
ID_S_OR_E	2016	9	51725993	285.0861
ID_S_OR_E	2016	10	51933649	348.158
ID_S_OR_E	2016	11	51939110	2869.1953
ID_S_OR_E	2016	12	0	999999999
ID_S_OR_E	2026	1	1850933	1.0089
ID_S_OR_E	2026	2	9557911	1.3581
ID_S_OR_E	2026	3	17755336	1.8627
ID_S_OR_E	2026	4	36107326	2.0246
ID_S_OR_E	2026	5	39693221	4.0743
ID_S_OR_E	2026	6	44107389	4.4765
ID_S_OR_E	2026	7	52002254	5.5081
ID_S_OR_E	2026	8	52078242	21.6355
ID_S_OR_E	2026	9	53389223	25.9603
ID_S_OR_E	2026	10	53614422	342.8329
ID_S_OR_E	2026	11	0	999999999
ID_S_OR_E	2036	1	1850933	1.0089
ID_S_OR_E	2036	2	9557911	1.3581
ID_S_OR_E	2036	3	17755336	1.8627
ID_S_OR_E	2036	4	36107326	2.0246
ID_S_OR_E	2036	5	39693221	4.0743
ID_S_OR_E	2036	6	44107389	4.4765
ID_S_OR_E	2036	7	52002254	5.5081
ID_S_OR_E	2036	8	52078242	21.6355
ID_S_OR_E	2036	9	53389223	25.9603
ID_S_OR_E	2036	10	53614422	342.8329
ID_S_OR_E	2036	11	0	999999999
ID_S_OR_E	2046	1	1850933	1.0089
ID_S_OR_E	2046	2	9557911	1.3581
ID_S_OR_E	2046	3	17755336	1.8627
ID_S_OR_E	2046	4	36107326	2.0246
ID_S_OR_E	2046	5	39693221	4.0743
ID_S_OR_E	2046	6	44107389	4.4765
ID_S_OR_E	2046	7	52002254	5.5081
ID_S_OR_E	2046	8	52078242	21.6355
ID_S_OR_E	2046	9	53389223	25.9603
ID_S_OR_E	2046	10	53614422	342.8329
ID_S_OR_E	2046	11	0	999999999
MEX_BAJA	2014	1	721436	1.5876
MEX_BAJA	2014	2	1722484	1.9778
MEX_BAJA	2014	3	0	999999999
MEX_BAJA	2016	1	721436	1.5876
MEX_BAJA	2016	2	1722484	1.9778
MEX_BAJA	2016	3	0	999999999
MEX_BAJA	2026	1	721436	1.5876
MEX_BAJA	2026	2	1722484	1.9778
MEX_BAJA	2026	3	0	999999999
MEX_BAJA	2036	1	721436	1.5876
MEX_BAJA	2036	2	1722484	1.9778
MEX_BAJA	2036	3	0	999999999
MEX_BAJA	2046	1	721436	1.5876
MEX_BAJA	2046	2	1722484	1.9778
MEX_BAJA	2046	3	0	999999999
MT_NE	2014	1	713663	1.4885
MT_NE	2014	2	1403579	2.2523
MT_NE	2014	3	1534444	3.6336
MT_NE	2014	4	5999079	3.6764
MT_NE	2014	5	6659220	18.3788
MT_NE	2014	6	7095015	21.6264
MT_NE	2014	7	7341273	31.2685
MT_NE	2014	8	7564219	34.6642
MT_NE	2014	9	7751253	40.3142
MT_NE	2014	10	7923307	44.0356
MT_NE	2014	11	8083064	47.7149
MT_NE	2014	12	8229544	52.0851
MT_NE	2014	13	8335486	67.6775
MT_NE	2014	14	0	999999999
MT_NE	2016	1	238684	1.2109
MT_NE	2016	2	1351349	1.8036
MT_NE	2016	3	1461759	3.3473
MT_NE	2016	4	4730981	3.4047
MT_NE	2016	5	6867944	3.4118
MT_NE	2016	6	7383963	11.5794
MT_NE	2016	7	7590459	17.5
MT_NE	2016	8	7590471	17.8444
MT_NE	2016	9	8250613	19.0748
MT_NE	2016	10	8686407	22.7814
MT_NE	2016	11	8932666	34.2884
MT_NE	2016	12	9155612	38.1326
MT_NE	2016	13	9342645	44.692
MT_NE	2016	14	9514699	48.905
MT_NE	2016	15	9674457	53.0567
MT_NE	2016	16	9820937	58.0261
MT_NE	2016	17	9926879	76.377
MT_NE	2016	18	0	999999999
MT_NE	2026	1	355068	1.3101
MT_NE	2026	2	1472954	1.8717
MT_NE	2026	3	7128476	3.1847
MT_NE	2026	4	7136599	7.799
MT_NE	2026	5	9024351	8.6023
MT_NE	2026	6	9497385	15.6247
MT_NE	2026	7	10470801	23.6711
MT_NE	2026	8	10717060	37.2693
MT_NE	2026	9	10940005	41.6162
MT_NE	2026	10	11127039	49.1954
MT_NE	2026	11	11299093	53.9596
MT_NE	2026	12	11458851	58.6411
MT_NE	2026	13	11605331	64.2822
MT_NE	2026	14	11711273	85.7263
MT_NE	2026	15	0	999999999
MT_NE	2036	1	355068	1.3101
MT_NE	2036	2	1472954	1.8717
MT_NE	2036	3	7128476	3.1847
MT_NE	2036	4	7136599	7.799
MT_NE	2036	5	9024351	8.6023
MT_NE	2036	6	9497385	15.6247
MT_NE	2036	7	10470801	23.6711
MT_NE	2036	8	10717060	37.2693
MT_NE	2036	9	10940005	41.6162
MT_NE	2036	10	11127039	49.1954
MT_NE	2036	11	11299093	53.9596
MT_NE	2036	12	11458851	58.6411
MT_NE	2036	13	11605331	64.2822
MT_NE	2036	14	11711273	85.7263
MT_NE	2036	15	0	999999999
MT_NE	2046	1	355068	1.3101
MT_NE	2046	2	1472954	1.8717
MT_NE	2046	3	7128476	3.1847
MT_NE	2046	4	7136599	7.799
MT_NE	2046	5	9024351	8.6023
MT_NE	2046	6	9497385	15.6247
MT_NE	2046	7	10470801	23.6711
MT_NE	2046	8	10717060	37.2693
MT_NE	2046	9	10940005	41.6162
MT_NE	2046	10	11127039	49.1954
MT_NE	2046	11	11299093	53.9596
MT_NE	2046	12	11458851	58.6411
MT_NE	2046	13	11605331	64.2822
MT_NE	2046	14	11711273	85.7263
MT_NE	2046	15	0	999999999
MT_NW	2014	1	13124380	1.3175
MT_NW	2014	2	23852657	2.5259
MT_NW	2014	3	32528982	6.7947
MT_NW	2014	4	32529318	67.7682
MT_NW	2014	5	32550403	327.1548
MT_NW	2014	6	32628361	348.172
MT_NW	2014	7	33458438	369.4041
MT_NW	2014	8	0	999999999
MT_NW	2016	1	15246288	1.3323
MT_NW	2016	2	24346477	2.8809
MT_NW	2016	3	32530537	6.3078
MT_NW	2016	4	32542092	74.3794
MT_NW	2016	5	32565194	102.1616
MT_NW	2016	6	32586279	329.7692
MT_NW	2016	7	32664237	350.8098
MT_NW	2016	8	33494314	372.0653
MT_NW	2016	9	0	999999999
MT_NW	2026	1	13124380	1.3007
MT_NW	2026	2	23858645	2.4269
MT_NW	2026	3	32532136	6.2404
MT_NW	2026	4	32543712	55.7449
MT_NW	2026	5	32626338	97.597
MT_NW	2026	6	32647423	325.6322
MT_NW	2026	7	32725381	346.7124
MT_NW	2026	8	33555457	368.008
MT_NW	2026	9	0	999999999
MT_NW	2036	1	13124380	1.3007
MT_NW	2036	2	23858645	2.4269
MT_NW	2036	3	32532136	6.2404
MT_NW	2036	4	32543712	55.7449
MT_NW	2036	5	32626338	97.597
MT_NW	2036	6	32647423	325.6322
MT_NW	2036	7	32725381	346.7124
MT_NW	2036	8	33555457	368.008
MT_NW	2036	9	0	999999999
MT_NW	2046	1	13124380	1.3007
MT_NW	2046	2	23858645	2.4269
MT_NW	2046	3	32532136	6.2404
MT_NW	2046	4	32543712	55.7449
MT_NW	2046	5	32626338	97.597
MT_NW	2046	6	32647423	325.6322
MT_NW	2046	7	32725381	346.7124
MT_NW	2046	8	33555457	368.008
MT_NW	2046	9	0	999999999
MT_SE	2014	1	1379	0.6636
MT_SE	2014	2	38223	1.0876
MT_SE	2014	3	151534	1.4296
MT_SE	2014	4	776586	1.6501
MT_SE	2014	5	1621027	2.0291
MT_SE	2014	6	1954491	3.2327
MT_SE	2014	7	2250895	3.569
MT_SE	2014	8	2279734	3.8181
MT_SE	2014	9	2298223	4.1193
MT_SE	2014	10	4163417	4.4453
MT_SE	2014	11	4163763	10498.2341
MT_SE	2014	12	0	999999999
MT_SE	2016	1	1379	0.6636
MT_SE	2016	2	113719	1.1848
MT_SE	2016	3	2278097	1.7283
MT_SE	2016	4	2315823	3.7376
MT_SE	2016	5	2342117	3.9424
MT_SE	2016	6	4808895	4.2389
MT_SE	2016	7	4872177	34.1678
MT_SE	2016	8	5008821	40.1615
MT_SE	2016	9	5009857	1084.8169
MT_SE	2016	10	0	999999999
MT_SE	2026	1	38223	0.9965
MT_SE	2026	2	151534	1.3846
MT_SE	2026	3	1624641	1.6444
MT_SE	2026	4	2450992	2.2416
MT_SE	2026	5	3952992	4.0889
MT_SE	2026	6	4930276	4.276
MT_SE	2026	7	5003810	24.972
MT_SE	2026	8	5130949	32.7267
MT_SE	2026	9	5183208	89.9956
MT_SE	2026	10	5183380	7831.9528
MT_SE	2026	11	0	999999999
MT_SE	2036	1	38223	0.9965
MT_SE	2036	2	151534	1.3846
MT_SE	2036	3	1624641	1.6444
MT_SE	2036	4	2450992	2.2416
MT_SE	2036	5	3952992	4.0889
MT_SE	2036	6	4930276	4.276
MT_SE	2036	7	5003810	24.972
MT_SE	2036	8	5130949	32.7267
MT_SE	2036	9	5183208	89.9956
MT_SE	2036	10	5183380	7831.9528
MT_SE	2036	11	0	999999999
MT_SE	2046	1	38223	0.9965
MT_SE	2046	2	151534	1.3846
MT_SE	2046	3	1624641	1.6444
MT_SE	2046	4	2450992	2.2416
MT_SE	2046	5	3952992	4.0889
MT_SE	2046	6	4930276	4.276
MT_SE	2046	7	5003810	24.972
MT_SE	2046	8	5130949	32.7267
MT_SE	2046	9	5183208	89.9956
MT_SE	2046	10	5183380	7831.9528
MT_SE	2046	11	0	999999999
MT_SW	2014	1	1005579	1.3857
MT_SW	2014	2	2226257	2.816
MT_SW	2014	3	8110367	3.5781
MT_SW	2014	4	8125549	208.5002
MT_SW	2014	5	8129121	3393.6708
MT_SW	2014	6	8129225	51341.3617
MT_SW	2014	7	8130334	55321.335
MT_SW	2014	8	0	999999999
MT_SW	2016	1	1147033	1.3417
MT_SW	2016	2	2558138	2.3912
MT_SW	2016	3	8229893	3.5099
MT_SW	2016	4	8330786	87.6279
MT_SW	2016	5	8334673	1558.0858
MT_SW	2016	6	8334777	54694.7844
MT_SW	2016	7	8335887	58775.3968
MT_SW	2016	8	0	999999999
MT_SW	2026	1	1288275	1.3531
MT_SW	2026	2	2699404	2.4279
MT_SW	2026	3	8377568	3.5399
MT_SW	2026	4	8456599	100.1974
MT_SW	2026	5	8470205	527.4517
MT_SW	2026	6	8470309	55583.9693
MT_SW	2026	7	8471418	59730.9384
MT_SW	2026	8	0	999999999
MT_SW	2036	1	1288275	1.3531
MT_SW	2036	2	2699404	2.4279
MT_SW	2036	3	8377568	3.5399
MT_SW	2036	4	8456599	100.1974
MT_SW	2036	5	8470205	527.4517
MT_SW	2036	6	8470309	55583.9693
MT_SW	2036	7	8471418	59730.9384
MT_SW	2036	8	0	999999999
MT_SW	2046	1	1288275	1.3531
MT_SW	2046	2	2699404	2.4279
MT_SW	2046	3	8377568	3.5399
MT_SW	2046	4	8456599	100.1974
MT_SW	2046	5	8470205	527.4517
MT_SW	2046	6	8470309	55583.9693
MT_SW	2046	7	8471418	59730.9384
MT_SW	2046	8	0	999999999
NM_N	2014	1	5544344	1.6897
NM_N	2014	2	10228662	2.426
NM_N	2014	3	18103020	4.7611
NM_N	2014	4	18103138	409.7969
NM_N	2014	5	18168441	469.1434
NM_N	2014	6	18184799	532.3063
NM_N	2014	7	18204823	642.099
NM_N	2014	8	18220097	693.4914
NM_N	2014	9	18246760	818.2967
NM_N	2014	10	18348284	991.1352
NM_N	2014	11	0	999999999
NM_N	2016	1	7502963	1.5714
NM_N	2016	2	10734326	2.4906
NM_N	2016	3	18608547	4.6321
NM_N	2016	4	18608684	329.2633
NM_N	2016	5	18609633	426.7142
NM_N	2016	6	18609644	455.643
NM_N	2016	7	18674948	496.8871
NM_N	2016	8	18691306	558.82
NM_N	2016	9	18711329	671.6914
NM_N	2016	10	18726603	724.5286
NM_N	2016	11	18753267	852.8234
NM_N	2016	12	18854790	1030.4697
NM_N	2016	13	0	999999999
NM_N	2026	1	8301200	1.5743
NM_N	2026	2	11465289	2.5575
NM_N	2026	3	19339667	4.745
NM_N	2026	4	19340615	384.4434
NM_N	2026	5	19340621	402.1944
NM_N	2026	6	19340627	463.471
NM_N	2026	7	19405930	516.5533
NM_N	2026	8	19422288	580.5866
NM_N	2026	9	19442312	697.9012
NM_N	2026	10	19457586	752.8235
NM_N	2026	11	19484249	886.1543
NM_N	2026	12	19585773	1070.7392
NM_N	2026	13	0	999999999
NM_N	2036	1	8301200	1.5743
NM_N	2036	2	11465289	2.5575
NM_N	2036	3	19339667	4.745
NM_N	2036	4	19340615	384.4434
NM_N	2036	5	19340621	402.1944
NM_N	2036	6	19340627	463.471
NM_N	2036	7	19405930	516.5533
NM_N	2036	8	19422288	580.5866
NM_N	2036	9	19442312	697.9012
NM_N	2036	10	19457586	752.8235
NM_N	2036	11	19484249	886.1543
NM_N	2036	12	19585773	1070.7392
NM_N	2036	13	0	999999999
NM_N	2046	1	8301200	1.5743
NM_N	2046	2	11465289	2.5575
NM_N	2046	3	19339667	4.745
NM_N	2046	4	19340615	384.4434
NM_N	2046	5	19340621	402.1944
NM_N	2046	6	19340627	463.471
NM_N	2046	7	19405930	516.5533
NM_N	2046	8	19422288	580.5866
NM_N	2046	9	19442312	697.9012
NM_N	2046	10	19457586	752.8235
NM_N	2046	11	19484249	886.1543
NM_N	2046	12	19585773	1070.7392
NM_N	2046	13	0	999999999
NM_S_TX_EPE	2014	1	2315592	1.5258
NM_S_TX_EPE	2014	2	7169625	2.0915
NM_S_TX_EPE	2014	3	11039859	5.6367
NM_S_TX_EPE	2014	4	11040421	18769.3226
NM_S_TX_EPE	2014	5	11040850	19890.2203
NM_S_TX_EPE	2014	6	11041599	22598.1049
NM_S_TX_EPE	2014	7	11044450	26329.9077
NM_S_TX_EPE	2014	8	0	999999999
NM_S_TX_EPE	2016	1	2497493	1.52
NM_S_TX_EPE	2016	2	7190425	2.0936
NM_S_TX_EPE	2016	3	11060659	5.1273
NM_S_TX_EPE	2016	4	11068466	2469.8312
NM_S_TX_EPE	2016	5	11069028	15081.5827
NM_S_TX_EPE	2016	6	11069457	16205.3861
NM_S_TX_EPE	2016	7	11070206	18920.2886
NM_S_TX_EPE	2016	8	11073057	22661.7607
NM_S_TX_EPE	2016	9	0	999999999
NM_S_TX_EPE	2026	1	2529525	1.521
NM_S_TX_EPE	2026	2	7219824	2.0957
NM_S_TX_EPE	2026	3	11090059	5.136
NM_S_TX_EPE	2026	4	11097865	1280.8681
NM_S_TX_EPE	2026	5	11098428	17154.4385
NM_S_TX_EPE	2026	6	11098856	18281.2282
NM_S_TX_EPE	2026	7	11099605	21003.3431
NM_S_TX_EPE	2026	8	11102456	24754.7525
NM_S_TX_EPE	2026	9	0	999999999
NM_S_TX_EPE	2036	1	2529525	1.521
NM_S_TX_EPE	2036	2	7219824	2.0957
NM_S_TX_EPE	2036	3	11090059	5.136
NM_S_TX_EPE	2036	4	11097865	1280.8681
NM_S_TX_EPE	2036	5	11098428	17154.4385
NM_S_TX_EPE	2036	6	11098856	18281.2282
NM_S_TX_EPE	2036	7	11099605	21003.3431
NM_S_TX_EPE	2036	8	11102456	24754.7525
NM_S_TX_EPE	2036	9	0	999999999
NM_S_TX_EPE	2046	1	2529525	1.521
NM_S_TX_EPE	2046	2	7219824	2.0957
NM_S_TX_EPE	2046	3	11090059	5.136
NM_S_TX_EPE	2046	4	11097865	1280.8681
NM_S_TX_EPE	2046	5	11098428	17154.4385
NM_S_TX_EPE	2046	6	11098856	18281.2282
NM_S_TX_EPE	2046	7	11099605	21003.3431
NM_S_TX_EPE	2046	8	11102456	24754.7525
NM_S_TX_EPE	2046	9	0	999999999
NV_N	2014	1	173523	1.3295
NV_N	2014	2	978839	1.644
NV_N	2014	3	2633220	1.9384
NV_N	2014	4	2907869	3.7054
NV_N	2014	5	2928703	3.7936
NV_N	2014	6	2932610	3.8756
NV_N	2014	7	12491152	3.9397
NV_N	2014	8	12491156	32117.7541
NV_N	2014	9	12491422	68289.4715
NV_N	2014	10	12491458	248191.1382
NV_N	2014	11	0	999999999
NV_N	2016	1	5710	1.0089
NV_N	2016	2	173523	1.3347
NV_N	2016	3	973612	1.4231
NV_N	2016	4	1828682	1.8074
NV_N	2016	5	2982483	2.1667
NV_N	2016	6	2996656	3.4241
NV_N	2016	7	3016905	3.5045
NV_N	2016	8	3020483	3.5836
NV_N	2016	9	3261310	3.6482
NV_N	2016	10	12578990	3.7362
NV_N	2016	11	12579284	447.4176
NV_N	2016	12	12588492	571.2965
NV_N	2016	13	12605865	773.2751
NV_N	2016	14	12605891	132462.5958
NV_N	2016	15	0	999999999
NV_N	2026	1	5710	1.0089
NV_N	2026	2	173523	1.3347
NV_N	2026	3	1095632	1.4201
NV_N	2026	4	1934439	1.8274
NV_N	2026	5	3113187	2.1846
NV_N	2026	6	3127712	3.4307
NV_N	2026	7	3147985	3.5147
NV_N	2026	8	3151674	3.5971
NV_N	2026	9	3405166	3.6647
NV_N	2026	10	12724375	3.7561
NV_N	2026	11	12749698	328.6385
NV_N	2026	12	12749778	135310.0364
NV_N	2026	13	0	999999999
NV_N	2036	1	5710	1.0089
NV_N	2036	2	173523	1.3347
NV_N	2036	3	1095632	1.4201
NV_N	2036	4	1934439	1.8274
NV_N	2036	5	3113187	2.1846
NV_N	2036	6	3127712	3.4307
NV_N	2036	7	3147985	3.5147
NV_N	2036	8	3151674	3.5971
NV_N	2036	9	3405166	3.6647
NV_N	2036	10	12724375	3.7561
NV_N	2036	11	12749698	328.6385
NV_N	2036	12	12749778	135310.0364
NV_N	2036	13	0	999999999
NV_N	2046	1	5710	1.0089
NV_N	2046	2	173523	1.3347
NV_N	2046	3	1095632	1.4201
NV_N	2046	4	1934439	1.8274
NV_N	2046	5	3113187	2.1846
NV_N	2046	6	3127712	3.4307
NV_N	2046	7	3147985	3.5147
NV_N	2046	8	3151674	3.5971
NV_N	2046	9	3405166	3.6647
NV_N	2046	10	12724375	3.7561
NV_N	2046	11	12749698	328.6385
NV_N	2046	12	12749778	135310.0364
NV_N	2046	13	0	999999999
NV_S	2014	1	295	1.0723
NV_S	2014	2	137689	1.3383
NV_S	2014	3	2138166	1.6048
NV_S	2014	4	4913089	1.9891
NV_S	2014	5	4916661	4.1626
NV_S	2014	6	4917038	4.424
NV_S	2014	7	4917309	4.837
NV_S	2014	8	4917494	5.2501
NV_S	2014	9	5005214	5.6366
NV_S	2014	10	8107907	6.0685
NV_S	2014	11	0	999999999
NV_S	2016	1	295	1.0089
NV_S	2016	2	137689	1.338
NV_S	2016	3	2138166	1.6048
NV_S	2016	4	4913588	1.9891
NV_S	2016	5	4917038	3.9605
NV_S	2016	6	4917309	4.3864
NV_S	2016	7	4917494	4.775
NV_S	2016	8	5005214	5.1387
NV_S	2016	9	8107907	5.545
NV_S	2016	10	0	999999999
NV_S	2026	1	295	1.0089
NV_S	2026	2	137689	1.338
NV_S	2026	3	2138166	1.6048
NV_S	2026	4	4913588	1.9891
NV_S	2026	5	4917038	3.9605
NV_S	2026	6	4917309	4.3864
NV_S	2026	7	4917494	4.775
NV_S	2026	8	5005214	5.1387
NV_S	2026	9	8107907	5.545
NV_S	2026	10	0	999999999
NV_S	2036	1	295	1.0089
NV_S	2036	2	137689	1.338
NV_S	2036	3	2138166	1.6048
NV_S	2036	4	4913588	1.9891
NV_S	2036	5	4917038	3.9605
NV_S	2036	6	4917309	4.3864
NV_S	2036	7	4917494	4.775
NV_S	2036	8	5005214	5.1387
NV_S	2036	9	8107907	5.545
NV_S	2036	10	0	999999999
NV_S	2046	1	295	1.0089
NV_S	2046	2	137689	1.338
NV_S	2046	3	2138166	1.6048
NV_S	2046	4	4913588	1.9891
NV_S	2046	5	4917038	3.9605
NV_S	2046	6	4917309	4.3864
NV_S	2046	7	4917494	4.775
NV_S	2046	8	5005214	5.1387
NV_S	2046	9	8107907	5.545
NV_S	2046	10	0	999999999
OR_E	2014	1	4251847	1.2862
OR_E	2014	2	11801036	2.1111
OR_E	2014	3	13508556	3.667
OR_E	2014	4	25992939	3.9164
OR_E	2014	5	26167549	45.7191
OR_E	2014	6	26168402	1050.8566
OR_E	2014	7	26213193	1405.2566
OR_E	2014	8	0	999999999
OR_E	2016	1	3097047	1.1921
OR_E	2016	2	6864985	1.7102
OR_E	2016	3	12515658	2.2128
OR_E	2016	4	13647398	3.3941
OR_E	2016	5	26125619	3.6807
OR_E	2016	6	26257862	53.2377
OR_E	2016	7	26302663	632.4936
OR_E	2016	8	26336157	749.4064
OR_E	2016	9	0	999999999
OR_E	2026	1	847561	1.0089
OR_E	2026	2	4251847	1.3564
OR_E	2026	3	6064415	2.0438
OR_E	2026	4	12634523	2.0769
OR_E	2026	5	13744491	3.2218
OR_E	2026	6	14580317	3.4371
OR_E	2026	7	26334211	3.7164
OR_E	2026	8	26466321	53.9033
OR_E	2026	9	26522287	163.252
OR_E	2026	10	0	999999999
OR_E	2036	1	847561	1.0089
OR_E	2036	2	4251847	1.3564
OR_E	2036	3	6064415	2.0438
OR_E	2036	4	12634523	2.0769
OR_E	2036	5	13744491	3.2218
OR_E	2036	6	14580317	3.4371
OR_E	2036	7	26334211	3.7164
OR_E	2036	8	26466321	53.9033
OR_E	2036	9	26522287	163.252
OR_E	2036	10	0	999999999
OR_E	2046	1	847561	1.0089
OR_E	2046	2	4251847	1.3564
OR_E	2046	3	6064415	2.0438
OR_E	2046	4	12634523	2.0769
OR_E	2046	5	13744491	3.2218
OR_E	2046	6	14580317	3.4371
OR_E	2046	7	26334211	3.7164
OR_E	2046	8	26466321	53.9033
OR_E	2046	9	26522287	163.252
OR_E	2046	10	0	999999999
OR_PDX	2014	1	5504492	1.2918
OR_PDX	2014	2	18712368	1.9543
OR_PDX	2014	3	21275786	5.7433
OR_PDX	2014	4	25658536	6.1763
OR_PDX	2014	5	25823976	29.9547
OR_PDX	2014	6	25939808	31.5885
OR_PDX	2014	7	25954797	39.4325
OR_PDX	2014	8	27363896	40.0501
OR_PDX	2014	9	27971308	47.686
OR_PDX	2014	10	28557321	50.1289
OR_PDX	2014	11	29038245	58.5222
OR_PDX	2014	12	29385843	75.2173
OR_PDX	2014	13	29431394	448.5272
OR_PDX	2014	14	0	999999999
OR_PDX	2016	1	5506248	1.2434
OR_PDX	2016	2	18872772	1.9215
OR_PDX	2016	3	21289869	5.1104
OR_PDX	2016	4	25827647	5.7175
OR_PDX	2016	5	25992796	29.8879
OR_PDX	2016	6	26007784	41.7155
OR_PDX	2016	7	27416884	42.3348
OR_PDX	2016	8	28024296	49.9829
OR_PDX	2016	9	28610309	52.4279
OR_PDX	2016	10	29091232	60.8343
OR_PDX	2016	11	29438831	77.5574
OR_PDX	2016	12	29484382	451.5381
OR_PDX	2016	13	0	999999999
OR_PDX	2026	1	5796120	1.2513
OR_PDX	2026	2	18875785	1.9341
OR_PDX	2026	3	21292882	5.1046
OR_PDX	2026	4	25891209	5.6073
OR_PDX	2026	5	26056357	30.0393
OR_PDX	2026	6	26071346	41.8949
OR_PDX	2026	7	27480738	42.5124
OR_PDX	2026	8	28088150	50.1711
OR_PDX	2026	9	28674163	52.6187
OR_PDX	2026	10	29155086	61.0409
OR_PDX	2026	11	29502685	77.7978
OR_PDX	2026	12	29548236	452.5867
OR_PDX	2026	13	0	999999999
OR_PDX	2036	1	5796120	1.2513
OR_PDX	2036	2	18875785	1.9341
OR_PDX	2036	3	21292882	5.1046
OR_PDX	2036	4	25891209	5.6073
OR_PDX	2036	5	26056357	30.0393
OR_PDX	2036	6	26071346	41.8949
OR_PDX	2036	7	27480738	42.5124
OR_PDX	2036	8	28088150	50.1711
OR_PDX	2036	9	28674163	52.6187
OR_PDX	2036	10	29155086	61.0409
OR_PDX	2036	11	29502685	77.7978
OR_PDX	2036	12	29548236	452.5867
OR_PDX	2036	13	0	999999999
OR_PDX	2046	1	5796120	1.2513
OR_PDX	2046	2	18875785	1.9341
OR_PDX	2046	3	21292882	5.1046
OR_PDX	2046	4	25891209	5.6073
OR_PDX	2046	5	26056357	30.0393
OR_PDX	2046	6	26071346	41.8949
OR_PDX	2046	7	27480738	42.5124
OR_PDX	2046	8	28088150	50.1711
OR_PDX	2046	9	28674163	52.6187
OR_PDX	2046	10	29155086	61.0409
OR_PDX	2046	11	29502685	77.7978
OR_PDX	2046	12	29548236	452.5867
OR_PDX	2046	13	0	999999999
OR_W	2014	1	6741856	1.0542
OR_W	2014	2	46148333	1.5046
OR_W	2014	3	85671263	2.3354
OR_W	2014	4	100218277	4.667
OR_W	2014	5	136904996	4.7193
OR_W	2014	6	137995844	42.6328
OR_W	2014	7	141652466	52.6792
OR_W	2014	8	142589853	59.4962
OR_W	2014	9	143293305	66.7944
OR_W	2014	10	143847823	75.7386
OR_W	2014	11	144379996	85.6062
OR_W	2014	12	144819756	96.9681
OR_W	2014	13	145175332	109.802
OR_W	2014	14	145595902	123.0153
OR_W	2014	15	146267346	135.4154
OR_W	2014	16	146925072	149.8403
OR_W	2014	17	147505911	167.499
OR_W	2014	18	148056776	188.5607
OR_W	2014	19	151101027	214.2027
OR_W	2014	20	0	999999999
OR_W	2016	1	6741856	0.9936
OR_W	2016	2	47991981	1.4492
OR_W	2016	3	100304574	2.3656
OR_W	2016	4	137615776	5.0384
OR_W	2016	5	138706609	40.1565
OR_W	2016	6	141885108	49.6409
OR_W	2016	7	142822495	65.9319
OR_W	2016	8	143525927	73.2435
OR_W	2016	9	144080445	82.203
OR_W	2016	10	144612618	92.0874
OR_W	2016	11	145052378	103.4683
OR_W	2016	12	145407954	116.3233
OR_W	2016	13	145828524	129.5583
OR_W	2016	14	146499968	141.979
OR_W	2016	15	147157694	156.4275
OR_W	2016	16	147738533	174.1148
OR_W	2016	17	148289398	195.21
OR_W	2016	18	151333649	220.8925
OR_W	2016	19	0	999999999
OR_W	2026	1	6741856	0.9936
OR_W	2026	2	46482443	1.431
OR_W	2026	3	85131596	2.3202
OR_W	2026	4	100330758	3.8721
OR_W	2026	5	137891931	4.4193
OR_W	2026	6	138914619	41.3348
OR_W	2026	7	138982789	43.8909
OR_W	2026	8	142161253	49.6919
OR_W	2026	9	143098640	65.9945
OR_W	2026	10	143802072	73.3215
OR_W	2026	11	144356590	82.2994
OR_W	2026	12	144888763	92.2038
OR_W	2026	13	145328523	103.6072
OR_W	2026	14	145684099	116.4873
OR_W	2026	15	146104669	129.7481
OR_W	2026	16	146776113	142.1933
OR_W	2026	17	147433839	156.6698
OR_W	2026	18	148014679	174.3909
OR_W	2026	19	148565543	195.526
OR_W	2026	20	151609794	221.2566
OR_W	2026	21	0	999999999
OR_W	2036	1	6741856	0.9936
OR_W	2036	2	46482443	1.431
OR_W	2036	3	85131596	2.3202
OR_W	2036	4	100330758	3.8721
OR_W	2036	5	137891931	4.4193
OR_W	2036	6	138914619	41.3348
OR_W	2036	7	138982789	43.8909
OR_W	2036	8	142161253	49.6919
OR_W	2036	9	143098640	65.9945
OR_W	2036	10	143802072	73.3215
OR_W	2036	11	144356590	82.2994
OR_W	2036	12	144888763	92.2038
OR_W	2036	13	145328523	103.6072
OR_W	2036	14	145684099	116.4873
OR_W	2036	15	146104669	129.7481
OR_W	2036	16	146776113	142.1933
OR_W	2036	17	147433839	156.6698
OR_W	2036	18	148014679	174.3909
OR_W	2036	19	148565543	195.526
OR_W	2036	20	151609794	221.2566
OR_W	2036	21	0	999999999
OR_W	2046	1	6741856	0.9936
OR_W	2046	2	46482443	1.431
OR_W	2046	3	85131596	2.3202
OR_W	2046	4	100330758	3.8721
OR_W	2046	5	137891931	4.4193
OR_W	2046	6	138914619	41.3348
OR_W	2046	7	138982789	43.8909
OR_W	2046	8	142161253	49.6919
OR_W	2046	9	143098640	65.9945
OR_W	2046	10	143802072	73.3215
OR_W	2046	11	144356590	82.2994
OR_W	2046	12	144888763	92.2038
OR_W	2046	13	145328523	103.6072
OR_W	2046	14	145684099	116.4873
OR_W	2046	15	146104669	129.7481
OR_W	2046	16	146776113	142.1933
OR_W	2046	17	147433839	156.6698
OR_W	2046	18	148014679	174.3909
OR_W	2046	19	148565543	195.526
OR_W	2046	20	151609794	221.2566
OR_W	2046	21	0	999999999
OR_WA_BPA	2014	1	5466239	1.3968
OR_WA_BPA	2014	2	21234077	2.1954
OR_WA_BPA	2014	3	27061422	6.1698
OR_WA_BPA	2014	4	29141886	8.615
OR_WA_BPA	2014	5	29686797	50.826
OR_WA_BPA	2014	6	29689042	131.5455
OR_WA_BPA	2014	7	29741636	267.8803
OR_WA_BPA	2014	8	29826902	287.8925
OR_WA_BPA	2014	9	29911249	310.8975
OR_WA_BPA	2014	10	29986539	338.7294
OR_WA_BPA	2014	11	30057926	371.7728
OR_WA_BPA	2014	12	30454372	411.5337
OR_WA_BPA	2014	13	0	999999999
OR_WA_BPA	2016	1	11026889	1.4801
OR_WA_BPA	2016	2	23860493	2.3578
OR_WA_BPA	2016	3	30034401	5.6649
OR_WA_BPA	2016	4	30632879	21.5698
OR_WA_BPA	2016	5	30635124	115.0405
OR_WA_BPA	2016	6	30749230	135.0937
OR_WA_BPA	2016	7	30801824	301.0128
OR_WA_BPA	2016	8	30887090	321.7559
OR_WA_BPA	2016	9	30971437	345.5942
OR_WA_BPA	2016	10	31046727	374.4245
OR_WA_BPA	2016	11	31118113	408.6448
OR_WA_BPA	2016	12	31514560	449.813
OR_WA_BPA	2016	13	0	999999999
OR_WA_BPA	2026	1	6096825	1.1646
OR_WA_BPA	2026	2	13084932	2.0374
OR_WA_BPA	2026	3	23329361	2.3032
OR_WA_BPA	2026	4	26974355	4.6108
OR_WA_BPA	2026	5	31980746	5.4168
OR_WA_BPA	2026	6	32094584	75.545
OR_WA_BPA	2026	7	32222437	110.4816
OR_WA_BPA	2026	8	32222576	145.8684
OR_WA_BPA	2026	9	32275170	319.7536
OR_WA_BPA	2026	10	32360436	341.5122
OR_WA_BPA	2026	11	32444783	366.5085
OR_WA_BPA	2026	12	32520073	396.7263
OR_WA_BPA	2026	13	32591459	432.5823
OR_WA_BPA	2026	14	32987906	475.7061
OR_WA_BPA	2026	15	0	999999999
OR_WA_BPA	2036	1	6096825	1.1646
OR_WA_BPA	2036	2	13084932	2.0374
OR_WA_BPA	2036	3	23329361	2.3032
OR_WA_BPA	2036	4	26974355	4.6108
OR_WA_BPA	2036	5	31980746	5.4168
OR_WA_BPA	2036	6	32094584	75.545
OR_WA_BPA	2036	7	32222437	110.4816
OR_WA_BPA	2036	8	32222576	145.8684
OR_WA_BPA	2036	9	32275170	319.7536
OR_WA_BPA	2036	10	32360436	341.5122
OR_WA_BPA	2036	11	32444783	366.5085
OR_WA_BPA	2036	12	32520073	396.7263
OR_WA_BPA	2036	13	32591459	432.5823
OR_WA_BPA	2036	14	32987906	475.7061
OR_WA_BPA	2036	15	0	999999999
OR_WA_BPA	2046	1	6096825	1.1646
OR_WA_BPA	2046	2	13084932	2.0374
OR_WA_BPA	2046	3	23329361	2.3032
OR_WA_BPA	2046	4	26974355	4.6108
OR_WA_BPA	2046	5	31980746	5.4168
OR_WA_BPA	2046	6	32094584	75.545
OR_WA_BPA	2046	7	32222437	110.4816
OR_WA_BPA	2046	8	32222576	145.8684
OR_WA_BPA	2046	9	32275170	319.7536
OR_WA_BPA	2046	10	32360436	341.5122
OR_WA_BPA	2046	11	32444783	366.5085
OR_WA_BPA	2046	12	32520073	396.7263
OR_WA_BPA	2046	13	32591459	432.5823
OR_WA_BPA	2046	14	32987906	475.7061
OR_WA_BPA	2046	15	0	999999999
UT_N	2014	1	54390	0.7013
UT_N	2014	2	2931726	1.5805
UT_N	2014	3	7170581	2.0898
UT_N	2014	4	12154380	4.4916
UT_N	2014	5	12165629	151.6125
UT_N	2014	6	12165679	174.541
UT_N	2014	7	12171274	296.7219
UT_N	2014	8	12194196	710.8572
UT_N	2014	9	12218308	827.161
UT_N	2014	10	12308155	978.3722
UT_N	2014	11	0	999999999
UT_N	2016	1	324946	1.2271
UT_N	2016	2	7258937	1.7366
UT_N	2016	3	12240832	4.321
UT_N	2016	4	12554783	75.1083
UT_N	2016	5	12577705	607.8488
UT_N	2016	6	12601817	727.8266
UT_N	2016	7	12691664	883.7907
UT_N	2016	8	0	999999999
UT_N	2026	1	325305	1.2273
UT_N	2026	2	7370276	1.7347
UT_N	2026	3	12496776	4.3047
UT_N	2026	4	12810728	48.4243
UT_N	2026	5	12833649	684.4817
UT_N	2026	6	12857761	806.9115
UT_N	2026	7	12947609	966.0476
UT_N	2026	8	0	999999999
UT_N	2036	1	325305	1.2273
UT_N	2036	2	7370276	1.7347
UT_N	2036	3	12496776	4.3047
UT_N	2036	4	12810728	48.4243
UT_N	2036	5	12833649	684.4817
UT_N	2036	6	12857761	806.9115
UT_N	2036	7	12947609	966.0476
UT_N	2036	8	0	999999999
UT_N	2046	1	325305	1.2273
UT_N	2046	2	7370276	1.7347
UT_N	2046	3	12496776	4.3047
UT_N	2046	4	12810728	48.4243
UT_N	2046	5	12833649	684.4817
UT_N	2046	6	12857761	806.9115
UT_N	2046	7	12947609	966.0476
UT_N	2046	8	0	999999999
UT_S	2014	1	827178	1.278
UT_S	2014	2	2093409	2.0933
UT_S	2014	3	18864651	3.093
UT_S	2014	4	19151938	20.9611
UT_S	2014	5	19159536	214.3327
UT_S	2014	6	19181072	297.4423
UT_S	2014	7	19205169	340.878
UT_S	2014	8	19251284	354.6767
UT_S	2014	9	19273708	392.595
UT_S	2014	10	19292560	438.4474
UT_S	2014	11	19308158	492.7624
UT_S	2014	12	19329467	545.6249
UT_S	2014	13	19348033	610.2679
UT_S	2014	14	19375204	774.7963
UT_S	2014	15	19472436	981.7348
UT_S	2014	16	0	999999999
UT_S	2016	1	827178	1.2125
UT_S	2016	2	2427734	1.9811
UT_S	2016	3	18926399	2.9264
UT_S	2016	4	19221285	19.7826
UT_S	2016	5	19242821	209.6117
UT_S	2016	6	19318197	242.1312
UT_S	2016	7	19342294	305.7293
UT_S	2016	8	19388408	319.6371
UT_S	2016	9	19410832	357.831
UT_S	2016	10	19429685	404.014
UT_S	2016	11	19445282	458.7186
UT_S	2016	12	19466591	511.9611
UT_S	2016	13	19485157	577.0664
UT_S	2016	14	19512329	742.7648
UT_S	2016	15	19609560	951.1698
UT_S	2016	16	0	999999999
UT_S	2026	1	1475697	1.3569
UT_S	2026	2	2966657	2.4537
UT_S	2026	3	19045420	2.9325
UT_S	2026	4	19340305	19.8472
UT_S	2026	5	19437217	181.7764
UT_S	2026	6	19461314	325.62
UT_S	2026	7	19507429	339.6224
UT_S	2026	8	19529853	378.0554
UT_S	2026	9	19548705	424.5254
UT_S	2026	10	19564303	479.5682
UT_S	2026	11	19585612	533.1404
UT_S	2026	12	19604178	598.6471
UT_S	2026	13	19631349	765.3609
UT_S	2026	14	19728581	975.039
UT_S	2026	15	0	999999999
UT_S	2036	1	1475697	1.3569
UT_S	2036	2	2966657	2.4537
UT_S	2036	3	19045420	2.9325
UT_S	2036	4	19340305	19.8472
UT_S	2036	5	19437217	181.7764
UT_S	2036	6	19461314	325.62
UT_S	2036	7	19507429	339.6224
UT_S	2036	8	19529853	378.0554
UT_S	2036	9	19548705	424.5254
UT_S	2036	10	19564303	479.5682
UT_S	2036	11	19585612	533.1404
UT_S	2036	12	19604178	598.6471
UT_S	2036	13	19631349	765.3609
UT_S	2036	14	19728581	975.039
UT_S	2036	15	0	999999999
UT_S	2046	1	1475697	1.3569
UT_S	2046	2	2966657	2.4537
UT_S	2046	3	19045420	2.9325
UT_S	2046	4	19340305	19.8472
UT_S	2046	5	19437217	181.7764
UT_S	2046	6	19461314	325.62
UT_S	2046	7	19507429	339.6224
UT_S	2046	8	19529853	378.0554
UT_S	2046	9	19548705	424.5254
UT_S	2046	10	19564303	479.5682
UT_S	2046	11	19585612	533.1404
UT_S	2046	12	19604178	598.6471
UT_S	2046	13	19631349	765.3609
UT_S	2046	14	19728581	975.039
UT_S	2046	15	0	999999999
WA_ID_AVA	2014	1	1902732	1.0596
WA_ID_AVA	2014	2	10086403	1.4288
WA_ID_AVA	2014	3	31358860	2.0121
WA_ID_AVA	2014	4	42469216	3.6306
WA_ID_AVA	2014	5	61795240	4.2151
WA_ID_AVA	2014	6	66400986	8.4694
WA_ID_AVA	2014	7	66661362	57.2927
WA_ID_AVA	2014	8	67012670	58.3293
WA_ID_AVA	2014	9	67041032	64.5435
WA_ID_AVA	2014	10	67782140	66.4454
WA_ID_AVA	2014	11	68453448	69.7223
WA_ID_AVA	2014	12	68827335	77.8783
WA_ID_AVA	2014	13	69148160	87.9724
WA_ID_AVA	2014	14	69432004	99.9985
WA_ID_AVA	2014	15	69681985	114.1636
WA_ID_AVA	2014	16	69913144	130.4406
WA_ID_AVA	2014	17	70099138	149.7348
WA_ID_AVA	2014	18	70157022	174.1519
WA_ID_AVA	2014	19	70283142	197.7982
WA_ID_AVA	2014	20	70511619	220.8043
WA_ID_AVA	2014	21	71904056	248.4268
WA_ID_AVA	2014	22	0	999999999
WA_ID_AVA	2016	1	6746731	1.187
WA_ID_AVA	2016	2	41779128	1.7882
WA_ID_AVA	2016	3	49512114	4.1375
WA_ID_AVA	2016	4	69113591	4.3195
WA_ID_AVA	2016	5	69526544	55.3305
WA_ID_AVA	2016	6	69526653	66.9266
WA_ID_AVA	2016	7	69555132	76.737
WA_ID_AVA	2016	8	70370228	77.6498
WA_ID_AVA	2016	9	71041536	81.5146
WA_ID_AVA	2016	10	71415423	90.0114
WA_ID_AVA	2016	11	71736248	100.5126
WA_ID_AVA	2016	12	72020092	113.0126
WA_ID_AVA	2016	13	72270073	127.726
WA_ID_AVA	2016	14	72501232	144.6252
WA_ID_AVA	2016	15	72687226	164.6467
WA_ID_AVA	2016	16	72745109	189.9688
WA_ID_AVA	2016	17	72871230	214.4935
WA_ID_AVA	2016	18	73099706	238.3549
WA_ID_AVA	2016	19	74492144	266.9956
WA_ID_AVA	2016	20	0	999999999
WA_ID_AVA	2026	1	59316	0.6636
WA_ID_AVA	2026	2	7805037	1.1779
WA_ID_AVA	2026	3	15730325	1.7547
WA_ID_AVA	2026	4	43337864	1.9236
WA_ID_AVA	2026	5	50041514	3.4298
WA_ID_AVA	2026	6	58430148	4.1258
WA_ID_AVA	2026	7	72793353	4.7522
WA_ID_AVA	2026	8	73129202	56.4132
WA_ID_AVA	2026	9	73156118	59.8198
WA_ID_AVA	2026	10	73240308	72.5435
WA_ID_AVA	2026	11	73268670	78.8341
WA_ID_AVA	2026	12	73269078	80.6447
WA_ID_AVA	2026	13	74010145	81.0508
WA_ID_AVA	2026	14	74681454	84.7624
WA_ID_AVA	2026	15	75055340	93.7384
WA_ID_AVA	2026	16	75376166	104.8122
WA_ID_AVA	2026	17	75660009	117.9788
WA_ID_AVA	2026	18	75909990	133.4632
WA_ID_AVA	2026	19	76141149	151.2375
WA_ID_AVA	2026	20	76327143	172.2818
WA_ID_AVA	2026	21	76385027	198.8768
WA_ID_AVA	2026	22	76511148	224.6369
WA_ID_AVA	2026	23	76739624	249.7013
WA_ID_AVA	2026	24	78132062	279.7738
WA_ID_AVA	2026	25	0	999999999
WA_ID_AVA	2036	1	59316	0.6636
WA_ID_AVA	2036	2	7805037	1.1779
WA_ID_AVA	2036	3	15730325	1.7547
WA_ID_AVA	2036	4	43337864	1.9236
WA_ID_AVA	2036	5	50041514	3.4298
WA_ID_AVA	2036	6	58430148	4.1258
WA_ID_AVA	2036	7	72793353	4.7522
WA_ID_AVA	2036	8	73129202	56.4132
WA_ID_AVA	2036	9	73156118	59.8198
WA_ID_AVA	2036	10	73240308	72.5435
WA_ID_AVA	2036	11	73268670	78.8341
WA_ID_AVA	2036	12	73269078	80.6447
WA_ID_AVA	2036	13	74010145	81.0508
WA_ID_AVA	2036	14	74681454	84.7624
WA_ID_AVA	2036	15	75055340	93.7384
WA_ID_AVA	2036	16	75376166	104.8122
WA_ID_AVA	2036	17	75660009	117.9788
WA_ID_AVA	2036	18	75909990	133.4632
WA_ID_AVA	2036	19	76141149	151.2375
WA_ID_AVA	2036	20	76327143	172.2818
WA_ID_AVA	2036	21	76385027	198.8768
WA_ID_AVA	2036	22	76511148	224.6369
WA_ID_AVA	2036	23	76739624	249.7013
WA_ID_AVA	2036	24	78132062	279.7738
WA_ID_AVA	2036	25	0	999999999
WA_ID_AVA	2046	1	59316	0.6636
WA_ID_AVA	2046	2	7805037	1.1779
WA_ID_AVA	2046	3	15730325	1.7547
WA_ID_AVA	2046	4	43337864	1.9236
WA_ID_AVA	2046	5	50041514	3.4298
WA_ID_AVA	2046	6	58430148	4.1258
WA_ID_AVA	2046	7	72793353	4.7522
WA_ID_AVA	2046	8	73129202	56.4132
WA_ID_AVA	2046	9	73156118	59.8198
WA_ID_AVA	2046	10	73240308	72.5435
WA_ID_AVA	2046	11	73268670	78.8341
WA_ID_AVA	2046	12	73269078	80.6447
WA_ID_AVA	2046	13	74010145	81.0508
WA_ID_AVA	2046	14	74681454	84.7624
WA_ID_AVA	2046	15	75055340	93.7384
WA_ID_AVA	2046	16	75376166	104.8122
WA_ID_AVA	2046	17	75660009	117.9788
WA_ID_AVA	2046	18	75909990	133.4632
WA_ID_AVA	2046	19	76141149	151.2375
WA_ID_AVA	2046	20	76327143	172.2818
WA_ID_AVA	2046	21	76385027	198.8768
WA_ID_AVA	2046	22	76511148	224.6369
WA_ID_AVA	2046	23	76739624	249.7013
WA_ID_AVA	2046	24	78132062	279.7738
WA_ID_AVA	2046	25	0	999999999
WA_N_CEN	2014	1	690305	1.0723
WA_N_CEN	2014	2	2629775	1.4356
WA_N_CEN	2014	3	4354409	2.0988
WA_N_CEN	2014	4	14016279	2.1161
WA_N_CEN	2014	5	14890285	3.7667
WA_N_CEN	2014	6	19742305	4.0697
WA_N_CEN	2014	7	22764491	5.0989
WA_N_CEN	2014	8	22873204	12.3093
WA_N_CEN	2014	9	25475674	14.9408
WA_N_CEN	2014	10	0	999999999
WA_N_CEN	2016	1	2517103	1.192
WA_N_CEN	2016	2	11932175	1.7118
WA_N_CEN	2016	3	19652162	2.5413
WA_N_CEN	2016	4	20283871	5.0058
WA_N_CEN	2016	5	24053293	5.6315
WA_N_CEN	2016	6	26689792	7.039
WA_N_CEN	2016	7	27194901	109.9485
WA_N_CEN	2016	8	0	999999999
WA_N_CEN	2026	1	5567913	1.121
WA_N_CEN	2026	2	11429128	1.994
WA_N_CEN	2026	3	21141591	2.3814
WA_N_CEN	2026	4	28458207	5.1505
WA_N_CEN	2026	5	28565292	53.6656
WA_N_CEN	2026	6	29141740	66.0004
WA_N_CEN	2026	7	29141762	1123868.7936
WA_N_CEN	2026	8	0	999999999
WA_N_CEN	2036	1	5567913	1.121
WA_N_CEN	2036	2	11429128	1.994
WA_N_CEN	2036	3	21141591	2.3814
WA_N_CEN	2036	4	28458207	5.1505
WA_N_CEN	2036	5	28565292	53.6656
WA_N_CEN	2036	6	29141740	66.0004
WA_N_CEN	2036	7	29141762	1123868.7936
WA_N_CEN	2036	8	0	999999999
WA_N_CEN	2046	1	5567913	1.121
WA_N_CEN	2046	2	11429128	1.994
WA_N_CEN	2046	3	21141591	2.3814
WA_N_CEN	2046	4	28458207	5.1505
WA_N_CEN	2046	5	28565292	53.6656
WA_N_CEN	2046	6	29141740	66.0004
WA_N_CEN	2046	7	29141762	1123868.7936
WA_N_CEN	2046	8	0	999999999
WA_SEATAC	2014	1	1674433	1.2916
WA_SEATAC	2014	2	13848077	1.7921
WA_SEATAC	2014	3	14231818	10.2976
WA_SEATAC	2014	4	15736583	11.552
WA_SEATAC	2014	5	15787515	67.7208
WA_SEATAC	2014	6	16125622	75.9928
WA_SEATAC	2014	7	16156670	364.3291
WA_SEATAC	2014	8	0	999999999
WA_SEATAC	2016	1	1088835	1.192
WA_SEATAC	2016	2	6379805	1.6247
WA_SEATAC	2016	3	13852249	2.0368
WA_SEATAC	2016	4	14232414	8.6029
WA_SEATAC	2016	5	15737775	9.7757
WA_SEATAC	2016	6	15785461	65.763
WA_SEATAC	2016	7	15788111	76.0563
WA_SEATAC	2016	8	16126218	82.2986
WA_SEATAC	2016	9	16157266	370.6456
WA_SEATAC	2016	10	0	999999999
WA_SEATAC	2026	1	1088835	1.192
WA_SEATAC	2026	2	6380401	1.6247
WA_SEATAC	2026	3	13852845	2.0369
WA_SEATAC	2026	4	14233010	8.6031
WA_SEATAC	2026	5	15738371	9.7756
WA_SEATAC	2026	6	15786057	65.7609
WA_SEATAC	2026	7	15788707	76.0381
WA_SEATAC	2026	8	16126814	82.2706
WA_SEATAC	2026	9	16158458	364.1373
WA_SEATAC	2026	10	0	999999999
WA_SEATAC	2036	1	1088835	1.192
WA_SEATAC	2036	2	6380401	1.6247
WA_SEATAC	2036	3	13852845	2.0369
WA_SEATAC	2036	4	14233010	8.6031
WA_SEATAC	2036	5	15738371	9.7756
WA_SEATAC	2036	6	15786057	65.7609
WA_SEATAC	2036	7	15788707	76.0381
WA_SEATAC	2036	8	16126814	82.2706
WA_SEATAC	2036	9	16158458	364.1373
WA_SEATAC	2036	10	0	999999999
WA_SEATAC	2046	1	1088835	1.192
WA_SEATAC	2046	2	6380401	1.6247
WA_SEATAC	2046	3	13852845	2.0369
WA_SEATAC	2046	4	14233010	8.6031
WA_SEATAC	2046	5	15738371	9.7756
WA_SEATAC	2046	6	15786057	65.7609
WA_SEATAC	2046	7	15788707	76.0381
WA_SEATAC	2046	8	16126814	82.2706
WA_SEATAC	2046	9	16158458	364.1373
WA_SEATAC	2046	10	0	999999999
WA_W	2014	1	6506273	1.0542
WA_W	2014	2	30289915	1.4206
WA_W	2014	3	74757311	2.0655
WA_W	2014	4	88438258	4.8979
WA_W	2014	5	114066426	5.1631
WA_W	2014	6	115071376	38.2474
WA_W	2014	7	115127032	43.0192
WA_W	2014	8	115495615	45.6251
WA_W	2014	9	116959156	47.0407
WA_W	2014	10	118556451	48.4023
WA_W	2014	11	120504942	49.1489
WA_W	2014	12	121422916	53.4329
WA_W	2014	13	122255337	58.4979
WA_W	2014	14	123315889	63.3222
WA_W	2014	15	124223751	69.5124
WA_W	2014	16	125096801	76.7584
WA_W	2014	17	125879280	85.5574
WA_W	2014	18	126686942	95.5758
WA_W	2014	19	127397598	107.9821
WA_W	2014	20	128052450	123.0108
WA_W	2014	21	131743756	141.0266
WA_W	2014	22	0	999999999
WA_W	2016	1	6506273	0.9936
WA_W	2016	2	43430503	1.4328
WA_W	2016	3	74844939	2.4069
WA_W	2016	4	88463619	3.8824
WA_W	2016	5	114092373	4.8551
WA_W	2016	6	115084922	36.325
WA_W	2016	7	115140052	42.9127
WA_W	2016	8	115508636	46.952
WA_W	2016	9	116972176	48.3679
WA_W	2016	10	118569471	49.7297
WA_W	2016	11	120517962	50.4765
WA_W	2016	12	121435936	54.7611
WA_W	2016	13	122268357	59.8267
WA_W	2016	14	123328909	64.6516
WA_W	2016	15	124236771	70.8425
WA_W	2016	16	125109821	78.0893
WA_W	2016	17	125892301	86.8893
WA_W	2016	18	126699962	96.9088
WA_W	2016	19	127410618	109.3164
WA_W	2016	20	128065470	124.3467
WA_W	2016	21	131756776	142.3644
WA_W	2016	22	0	999999999
WA_W	2026	1	6513060	0.9937
WA_W	2026	2	43449872	1.4328
WA_W	2026	3	74858188	2.4074
WA_W	2026	4	88476868	3.8825
WA_W	2026	5	114105711	4.8554
WA_W	2026	6	115098260	36.3297
WA_W	2026	7	115153391	42.9173
WA_W	2026	8	115521974	46.954
WA_W	2026	9	116985514	48.3688
WA_W	2026	10	118595210	49.6832
WA_W	2026	11	120543701	50.4487
WA_W	2026	12	121461675	54.7343
WA_W	2026	13	122294096	59.801
WA_W	2026	14	123354647	64.6271
WA_W	2026	15	124262510	70.8195
WA_W	2026	16	125135560	78.0679
WA_W	2026	17	125918039	86.8698
WA_W	2026	18	126725701	96.8915
WA_W	2026	19	127436357	109.3017
WA_W	2026	20	128091209	124.335
WA_W	2026	21	131782515	142.3563
WA_W	2026	22	0	999999999
WA_W	2036	1	6513060	0.9937
WA_W	2036	2	43449872	1.4328
WA_W	2036	3	74858188	2.4074
WA_W	2036	4	88476868	3.8825
WA_W	2036	5	114105711	4.8554
WA_W	2036	6	115098260	36.3297
WA_W	2036	7	115153391	42.9173
WA_W	2036	8	115521974	46.954
WA_W	2036	9	116985514	48.3688
WA_W	2036	10	118595210	49.6832
WA_W	2036	11	120543701	50.4487
WA_W	2036	12	121461675	54.7343
WA_W	2036	13	122294096	59.801
WA_W	2036	14	123354647	64.6271
WA_W	2036	15	124262510	70.8195
WA_W	2036	16	125135560	78.0679
WA_W	2036	17	125918039	86.8698
WA_W	2036	18	126725701	96.8915
WA_W	2036	19	127436357	109.3017
WA_W	2036	20	128091209	124.335
WA_W	2036	21	131782515	142.3563
WA_W	2036	22	0	999999999
WA_W	2046	1	6513060	0.9937
WA_W	2046	2	43449872	1.4328
WA_W	2046	3	74858188	2.4074
WA_W	2046	4	88476868	3.8825
WA_W	2046	5	114105711	4.8554
WA_W	2046	6	115098260	36.3297
WA_W	2046	7	115153391	42.9173
WA_W	2046	8	115521974	46.954
WA_W	2046	9	116985514	48.3688
WA_W	2046	10	118595210	49.6832
WA_W	2046	11	120543701	50.4487
WA_W	2046	12	121461675	54.7343
WA_W	2046	13	122294096	59.801
WA_W	2046	14	123354647	64.6271
WA_W	2046	15	124262510	70.8195
WA_W	2046	16	125135560	78.0679
WA_W	2046	17	125918039	86.8698
WA_W	2046	18	126725701	96.8915
WA_W	2046	19	127436357	109.3017
WA_W	2046	20	128091209	124.335
WA_W	2046	21	131782515	142.3563
WA_W	2046	22	0	999999999
WY_NE	2014	1	1134915	1.166
WY_NE	2014	2	2367137	2.2866
WY_NE	2014	3	3646321	3.7499
WY_NE	2014	4	5442842	4.8419
WY_NE	2014	5	5472828	149.2382
WY_NE	2014	6	5472904	933.7493
WY_NE	2014	7	5473013	987.5643
WY_NE	2014	8	5514561	1224.984
WY_NE	2014	9	0	999999999
WY_NE	2016	1	331227	0.7348
WY_NE	2016	2	1579202	1.5863
WY_NE	2016	3	2687178	2.5628
WY_NE	2016	4	4748758	3.0058
WY_NE	2016	5	8522490	3.9762
WY_NE	2016	6	8652472	13.6753
WY_NE	2016	7	9659307	16.0449
WY_NE	2016	8	10151438	16.6741
WY_NE	2016	9	10151444	1683.2932
WY_NE	2016	10	10192992	1994.4008
WY_NE	2016	11	0	999999999
WY_NE	2026	1	331227	0.7348
WY_NE	2026	2	1280855	1.5649
WY_NE	2026	3	2423562	2.1915
WY_NE	2026	4	4736630	2.4823
WY_NE	2026	5	7406876	4.1336
WY_NE	2026	6	8600101	4.2052
WY_NE	2026	7	8607526	11.7901
WY_NE	2026	8	9863822	13.6851
WY_NE	2026	9	10635252	15.0604
WY_NE	2026	10	10676800	2088.36
WY_NE	2026	11	0	999999999
WY_NE	2036	1	331227	0.7348
WY_NE	2036	2	1280855	1.5649
WY_NE	2036	3	2423562	2.1915
WY_NE	2036	4	4736630	2.4823
WY_NE	2036	5	7406876	4.1336
WY_NE	2036	6	8600101	4.2052
WY_NE	2036	7	8607526	11.7901
WY_NE	2036	8	9863822	13.6851
WY_NE	2036	9	10635252	15.0604
WY_NE	2036	10	10676800	2088.36
WY_NE	2036	11	0	999999999
WY_NE	2046	1	331227	0.7348
WY_NE	2046	2	1280855	1.5649
WY_NE	2046	3	2423562	2.1915
WY_NE	2046	4	4736630	2.4823
WY_NE	2046	5	7406876	4.1336
WY_NE	2046	6	8600101	4.2052
WY_NE	2046	7	8607526	11.7901
WY_NE	2046	8	9863822	13.6851
WY_NE	2046	9	10635252	15.0604
WY_NE	2046	10	10676800	2088.36
WY_NE	2046	11	0	999999999
WY_NW	2014	1	38009	0.6636
WY_NW	2014	2	71451	1.8766
WY_NW	2014	3	85692	2.7932
WY_NW	2014	4	358855	2.8004
WY_NW	2014	5	1810922	3.3978
WY_NW	2014	6	1811546	2646.8205
WY_NW	2014	7	0	999999999
WY_NW	2016	1	38009	0.6636
WY_NW	2016	2	51561	1.9023
WY_NW	2016	3	71451	1.9032
WY_NW	2016	4	86113	1.9093
WY_NW	2016	5	394842	1.92
WY_NW	2016	6	395527	3.2226
WY_NW	2016	7	408724	3.2838
WY_NW	2016	8	1837922	3.3528
WY_NW	2016	9	1896259	5.8944
WY_NW	2016	10	1896571	403.9696
WY_NW	2016	11	1896883	485.0104
WY_NW	2016	12	1897574	546.122
WY_NW	2016	13	1897886	646.6522
WY_NW	2016	14	1901384	745.3834
WY_NW	2016	15	0	999999999
WY_NW	2026	1	51561	0.7543
WY_NW	2026	2	415702	1.6896
WY_NW	2026	3	443798	3.2377
WY_NW	2026	4	1944646	3.4146
WY_NW	2026	5	1954941	314.8794
WY_NW	2026	6	1955253	3250.6853
WY_NW	2026	7	0	999999999
WY_NW	2036	1	51561	0.7543
WY_NW	2036	2	415702	1.6896
WY_NW	2036	3	443798	3.2377
WY_NW	2036	4	1944646	3.4146
WY_NW	2036	5	1954941	314.8794
WY_NW	2036	6	1955253	3250.6853
WY_NW	2036	7	0	999999999
WY_NW	2046	1	51561	0.7543
WY_NW	2046	2	415702	1.6896
WY_NW	2046	3	443798	3.2377
WY_NW	2046	4	1944646	3.4146
WY_NW	2046	5	1954941	314.8794
WY_NW	2046	6	1955253	3250.6853
WY_NW	2046	7	0	999999999
WY_SE	2014	1	132872	0.6636
WY_SE	2014	2	351315	1.3209
WY_SE	2014	3	2280730	1.387
WY_SE	2014	4	3359372	2.1424
WY_SE	2014	5	5233144	2.2496
WY_SE	2014	6	7360519	3.2592
WY_SE	2014	7	7606664	4.6274
WY_SE	2014	8	7853596	4.9958
WY_SE	2014	9	10871481	5.2138
WY_SE	2014	10	11602581	12.7727
WY_SE	2014	11	11693778	17.7223
WY_SE	2014	12	12049790	20.9844
WY_SE	2014	13	12397844	21.233
WY_SE	2014	14	12471163	58.5153
WY_SE	2014	15	12542773	60.1826
WY_SE	2014	16	0	999999999
WY_SE	2016	1	132872	0.6636
WY_SE	2016	2	351315	1.219
WY_SE	2016	3	2280730	1.3704
WY_SE	2016	4	3862819	1.932
WY_SE	2016	5	7474552	2.1169
WY_SE	2016	6	7931409	4.1748
WY_SE	2016	7	8201045	4.4288
WY_SE	2016	8	8358252	4.7156
WY_SE	2016	9	11725999	4.9285
WY_SE	2016	10	11728106	11.7826
WY_SE	2016	11	11824424	13.0796
WY_SE	2016	12	12268946	13.4967
WY_SE	2016	13	12389876	15.9537
WY_SE	2016	14	12419616	17.6909
WY_SE	2016	15	12591293	19.6656
WY_SE	2016	16	13626753	22.0378
WY_SE	2016	17	13667177	161.9796
WY_SE	2016	18	0	999999999
WY_SE	2026	1	132872	0.6636
WY_SE	2026	2	351315	1.219
WY_SE	2026	3	2280730	1.3704
WY_SE	2026	4	6000686	1.6917
WY_SE	2026	5	7874459	2.5317
WY_SE	2026	6	8373804	3.941
WY_SE	2026	7	8465642	4.1608
WY_SE	2026	8	8663153	4.3193
WY_SE	2026	9	9049204	4.4885
WY_SE	2026	10	9049299	4.7391
WY_SE	2026	11	11963391	4.9992
WY_SE	2026	12	12208501	8.5047
WY_SE	2026	13	12221077	10.1419
WY_SE	2026	14	13088147	11.6743
WY_SE	2026	15	13308611	19.2916
WY_SE	2026	16	13989283	19.6463
WY_SE	2026	17	14267699	23.6625
WY_SE	2026	18	14286073	544.5471
WY_SE	2026	19	0	999999999
WY_SE	2036	1	132872	0.6636
WY_SE	2036	2	351315	1.219
WY_SE	2036	3	2280730	1.3704
WY_SE	2036	4	6000686	1.6917
WY_SE	2036	5	7874459	2.5317
WY_SE	2036	6	8373804	3.941
WY_SE	2036	7	8465642	4.1608
WY_SE	2036	8	8663153	4.3193
WY_SE	2036	9	9049204	4.4885
WY_SE	2036	10	9049299	4.7391
WY_SE	2036	11	11963391	4.9992
WY_SE	2036	12	12208501	8.5047
WY_SE	2036	13	12221077	10.1419
WY_SE	2036	14	13088147	11.6743
WY_SE	2036	15	13308611	19.2916
WY_SE	2036	16	13989283	19.6463
WY_SE	2036	17	14267699	23.6625
WY_SE	2036	18	14286073	544.5471
WY_SE	2036	19	0	999999999
WY_SE	2046	1	132872	0.6636
WY_SE	2046	2	351315	1.219
WY_SE	2046	3	2280730	1.3704
WY_SE	2046	4	6000686	1.6917
WY_SE	2046	5	7874459	2.5317
WY_SE	2046	6	8373804	3.941
WY_SE	2046	7	8465642	4.1608
WY_SE	2046	8	8663153	4.3193
WY_SE	2046	9	9049204	4.4885
WY_SE	2046	10	9049299	4.7391
WY_SE	2046	11	11963391	4.9992
WY_SE	2046	12	12208501	8.5047
WY_SE	2046	13	12221077	10.1419
WY_SE	2046	14	13088147	11.6743
WY_SE	2046	15	13308611	19.2916
WY_SE	2046	16	13989283	19.6463
WY_SE	2046	17	14267699	23.6625
WY_SE	2046	18	14286073	544.5471
WY_SE	2046	19	0	999999999
WY_SW	2014	1	48845	0.6636
WY_SW	2014	2	474912	1.336
WY_SW	2014	3	724018	2.2598
WY_SW	2014	4	917736	2.8785
WY_SW	2014	5	1171964	3.4494
WY_SW	2014	6	1248552	3.6797
WY_SW	2014	7	2982522	3.8718
WY_SW	2014	8	0	999999999
WY_SW	2016	1	48845	0.6636
WY_SW	2016	2	165720	1.1533
WY_SW	2016	3	474912	1.3978
WY_SW	2016	4	724018	1.9925
WY_SW	2016	5	917736	2.7083
WY_SW	2016	6	1070499	3.2413
WY_SW	2016	7	1177117	3.3327
WY_SW	2016	8	1243725	3.4718
WY_SW	2016	9	2977695	3.6395
WY_SW	2016	10	0	999999999
WY_SW	2026	1	48845	0.6636
WY_SW	2026	2	165720	1.1533
WY_SW	2026	3	474912	1.3978
WY_SW	2026	4	729204	1.9874
WY_SW	2026	5	922922	2.7089
WY_SW	2026	6	1070549	3.2478
WY_SW	2026	7	1177167	3.3362
WY_SW	2026	8	1243775	3.4753
WY_SW	2026	9	2977745	3.643
WY_SW	2026	10	0	999999999
WY_SW	2036	1	48845	0.6636
WY_SW	2036	2	165720	1.1533
WY_SW	2036	3	474912	1.3978
WY_SW	2036	4	729204	1.9874
WY_SW	2036	5	922922	2.7089
WY_SW	2036	6	1070549	3.2478
WY_SW	2036	7	1177167	3.3362
WY_SW	2036	8	1243775	3.4753
WY_SW	2036	9	2977745	3.643
WY_SW	2036	10	0	999999999
WY_SW	2046	1	48845	0.6636
WY_SW	2046	2	165720	1.1533
WY_SW	2046	3	474912	1.3978
WY_SW	2046	4	729204	1.9874
WY_SW	2046	5	922922	2.7089
WY_SW	2046	6	1070549	3.2478
WY_SW	2046	7	1177167	3.3362
WY_SW	2046	8	1243775	3.4753
WY_SW	2046	9	2977745	3.643
WY_SW	2046	10	0	999999999
