ampl.tab 3 1
load_area	period	breakpoint_id	price_dollars_per_mmbtu_surplus_adjusted
AZ_APS_E	2012	1	1.6735
AZ_APS_E	2012	2	3.2997
AZ_APS_E	2012	3	3.6806
AZ_APS_E	2012	4	320.7613
AZ_APS_E	2012	5	345.7262
AZ_APS_E	2012	6	475.8757
AZ_APS_E	2012	7	536.7803
AZ_APS_E	2012	8	683.7716
AZ_APS_E	2012	9	999999999
AZ_APS_E	2015	1	1.5993
AZ_APS_E	2015	2	3.3153
AZ_APS_E	2015	3	403.7336
AZ_APS_E	2015	4	466.8627
AZ_APS_E	2015	5	528.2537
AZ_APS_E	2015	6	676.402
AZ_APS_E	2015	7	999999999
AZ_APS_E	2025	1	1.5989
AZ_APS_E	2025	2	3.337
AZ_APS_E	2025	3	397.0961
AZ_APS_E	2025	4	410.917
AZ_APS_E	2025	5	471.8541
AZ_APS_E	2025	6	533.8423
AZ_APS_E	2025	7	683.4113
AZ_APS_E	2025	8	999999999
AZ_APS_E	2035	1	1.5989
AZ_APS_E	2035	2	3.337
AZ_APS_E	2035	3	397.0961
AZ_APS_E	2035	4	410.917
AZ_APS_E	2035	5	471.8541
AZ_APS_E	2035	6	533.8423
AZ_APS_E	2035	7	683.4113
AZ_APS_E	2035	8	999999999
AZ_APS_E	2045	1	1.5989
AZ_APS_E	2045	2	3.337
AZ_APS_E	2045	3	397.0961
AZ_APS_E	2045	4	410.917
AZ_APS_E	2045	5	471.8541
AZ_APS_E	2045	6	533.8423
AZ_APS_E	2045	7	683.4113
AZ_APS_E	2045	8	999999999
AZ_APS_N	2012	1	1.5898
AZ_APS_N	2012	2	3.6242
AZ_APS_N	2012	3	779.9246
AZ_APS_N	2012	4	1296.6031
AZ_APS_N	2012	5	1563.0131
AZ_APS_N	2012	6	1721.4556
AZ_APS_N	2012	7	2546.0717
AZ_APS_N	2012	8	2958.8931
AZ_APS_N	2012	9	3942.9828
AZ_APS_N	2012	10	999999999
AZ_APS_N	2015	1	1.5485
AZ_APS_N	2015	2	3.2386
AZ_APS_N	2015	3	274.9158
AZ_APS_N	2015	4	2370.3231
AZ_APS_N	2015	5	2781.7444
AZ_APS_N	2015	6	3196.1582
AZ_APS_N	2015	7	4184.0355
AZ_APS_N	2015	8	999999999
AZ_APS_N	2025	1	1.5397
AZ_APS_N	2025	2	3.2497
AZ_APS_N	2025	3	236.842
AZ_APS_N	2025	4	2471.7123
AZ_APS_N	2025	5	2883.7423
AZ_APS_N	2025	6	3298.7681
AZ_APS_N	2025	7	4288.1013
AZ_APS_N	2025	8	999999999
AZ_APS_N	2035	1	1.5397
AZ_APS_N	2035	2	3.2497
AZ_APS_N	2035	3	236.842
AZ_APS_N	2035	4	2471.7123
AZ_APS_N	2035	5	2883.7423
AZ_APS_N	2035	6	3298.7681
AZ_APS_N	2035	7	4288.1013
AZ_APS_N	2035	8	999999999
AZ_APS_N	2045	1	1.5397
AZ_APS_N	2045	2	3.2497
AZ_APS_N	2045	3	236.842
AZ_APS_N	2045	4	2471.7123
AZ_APS_N	2045	5	2883.7423
AZ_APS_N	2045	6	3298.7681
AZ_APS_N	2045	7	4288.1013
AZ_APS_N	2045	8	999999999
AZ_APS_SW	2012	1	1.3385
AZ_APS_SW	2012	2	1.9804
AZ_APS_SW	2012	3	3.3261
AZ_APS_SW	2012	4	8.4799
AZ_APS_SW	2012	5	9.3492
AZ_APS_SW	2012	6	53.2559
AZ_APS_SW	2012	7	999999999
AZ_APS_SW	2015	1	1.0089
AZ_APS_SW	2015	2	1.3389
AZ_APS_SW	2015	3	1.4095
AZ_APS_SW	2015	4	2.088
AZ_APS_SW	2015	5	4.4452
AZ_APS_SW	2015	6	4.7605
AZ_APS_SW	2015	7	5.5143
AZ_APS_SW	2015	8	6.0211
AZ_APS_SW	2015	9	6.8089
AZ_APS_SW	2015	10	15.4608
AZ_APS_SW	2015	11	18.5542
AZ_APS_SW	2015	12	999999999
AZ_APS_SW	2025	1	1.0089
AZ_APS_SW	2025	2	1.3975
AZ_APS_SW	2025	3	2.7279
AZ_APS_SW	2025	4	5.5302
AZ_APS_SW	2025	5	5.8493
AZ_APS_SW	2025	6	6.6588
AZ_APS_SW	2025	7	6.9414
AZ_APS_SW	2025	8	7.1303
AZ_APS_SW	2025	9	13.7906
AZ_APS_SW	2025	10	999999999
AZ_APS_SW	2035	1	1.0089
AZ_APS_SW	2035	2	1.3975
AZ_APS_SW	2035	3	2.7279
AZ_APS_SW	2035	4	5.5302
AZ_APS_SW	2035	5	5.8493
AZ_APS_SW	2035	6	6.6588
AZ_APS_SW	2035	7	6.9414
AZ_APS_SW	2035	8	7.1303
AZ_APS_SW	2035	9	13.7906
AZ_APS_SW	2035	10	999999999
AZ_APS_SW	2045	1	1.0089
AZ_APS_SW	2045	2	1.3975
AZ_APS_SW	2045	3	2.7279
AZ_APS_SW	2045	4	5.5302
AZ_APS_SW	2045	5	5.8493
AZ_APS_SW	2045	6	6.6588
AZ_APS_SW	2045	7	6.9414
AZ_APS_SW	2045	8	7.1303
AZ_APS_SW	2045	9	13.7906
AZ_APS_SW	2045	10	999999999
AZ_NM_N	2012	1	1.646
AZ_NM_N	2012	2	3.6547
AZ_NM_N	2012	3	483.9451
AZ_NM_N	2012	4	753.7847
AZ_NM_N	2012	5	863.3858
AZ_NM_N	2012	6	1105.6747
AZ_NM_N	2012	7	999999999
AZ_NM_N	2015	1	1.6423
AZ_NM_N	2015	2	3.2833
AZ_NM_N	2015	3	519.7685
AZ_NM_N	2015	4	791.1147
AZ_NM_N	2015	5	901.3518
AZ_NM_N	2015	6	1145.0355
AZ_NM_N	2015	7	999999999
AZ_NM_N	2025	1	1.5867
AZ_NM_N	2025	2	3.3241
AZ_NM_N	2025	3	522.6711
AZ_NM_N	2025	4	795.724
AZ_NM_N	2025	5	906.6816
AZ_NM_N	2025	6	1151.9453
AZ_NM_N	2025	7	999999999
AZ_NM_N	2035	1	1.5867
AZ_NM_N	2035	2	3.3241
AZ_NM_N	2035	3	522.6711
AZ_NM_N	2035	4	795.724
AZ_NM_N	2035	5	906.6816
AZ_NM_N	2035	6	1151.9453
AZ_NM_N	2035	7	999999999
AZ_NM_N	2045	1	1.5867
AZ_NM_N	2045	2	3.3241
AZ_NM_N	2045	3	522.6711
AZ_NM_N	2045	4	795.724
AZ_NM_N	2045	5	906.6816
AZ_NM_N	2045	6	1151.9453
AZ_NM_N	2045	7	999999999
AZ_NW	2012	1	1.2356
AZ_NW	2012	2	1.5565
AZ_NW	2012	3	2.3049
AZ_NW	2012	4	3.042
AZ_NW	2012	5	3.4644
AZ_NW	2012	6	3.482
AZ_NW	2012	7	3.5096
AZ_NW	2012	8	3.5405
AZ_NW	2012	9	85.5754
AZ_NW	2012	10	999999999
AZ_NW	2015	1	1.0089
AZ_NW	2015	2	1.3611
AZ_NW	2015	3	2.0176
AZ_NW	2015	4	2.8067
AZ_NW	2015	5	3.0606
AZ_NW	2015	6	3.0828
AZ_NW	2015	7	3.1074
AZ_NW	2015	8	3.1351
AZ_NW	2015	9	75.8647
AZ_NW	2015	10	999999999
AZ_NW	2025	1	1.1944
AZ_NW	2025	2	1.8006
AZ_NW	2025	3	1.8466
AZ_NW	2025	4	2.8243
AZ_NW	2025	5	3.0856
AZ_NW	2025	6	3.104
AZ_NW	2025	7	3.1418
AZ_NW	2025	8	75.9812
AZ_NW	2025	9	999999999
AZ_NW	2035	1	1.1944
AZ_NW	2035	2	1.8006
AZ_NW	2035	3	1.8466
AZ_NW	2035	4	2.8243
AZ_NW	2035	5	3.0856
AZ_NW	2035	6	3.104
AZ_NW	2035	7	3.1418
AZ_NW	2035	8	75.9812
AZ_NW	2035	9	999999999
AZ_NW	2045	1	1.1944
AZ_NW	2045	2	1.8006
AZ_NW	2045	3	1.8466
AZ_NW	2045	4	2.8243
AZ_NW	2045	5	3.0856
AZ_NW	2045	6	3.104
AZ_NW	2045	7	3.1418
AZ_NW	2045	8	75.9812
AZ_NW	2045	9	999999999
AZ_PHX	2012	1	1.5825
AZ_PHX	2012	2	1.9859
AZ_PHX	2012	3	10.1589
AZ_PHX	2012	4	56.8165
AZ_PHX	2012	5	218.4407
AZ_PHX	2012	6	999999999
AZ_PHX	2015	1	1.5825
AZ_PHX	2015	2	1.9513
AZ_PHX	2015	3	40.4935
AZ_PHX	2015	4	46.3139
AZ_PHX	2015	5	55.8631
AZ_PHX	2015	6	999999999
AZ_PHX	2025	1	1.3911
AZ_PHX	2025	2	1.612
AZ_PHX	2025	3	2.0023
AZ_PHX	2025	4	35.6472
AZ_PHX	2025	5	42.0914
AZ_PHX	2025	6	43.2466
AZ_PHX	2025	7	999999999
AZ_PHX	2035	1	1.3911
AZ_PHX	2035	2	1.612
AZ_PHX	2035	3	2.0023
AZ_PHX	2035	4	35.6472
AZ_PHX	2035	5	42.0914
AZ_PHX	2035	6	43.2466
AZ_PHX	2035	7	999999999
AZ_PHX	2045	1	1.3911
AZ_PHX	2045	2	1.612
AZ_PHX	2045	3	2.0023
AZ_PHX	2045	4	35.6472
AZ_PHX	2045	5	42.0914
AZ_PHX	2045	6	43.2466
AZ_PHX	2045	7	999999999
AZ_SE	2012	1	1.5722
AZ_SE	2012	2	1.9983
AZ_SE	2012	3	2.581
AZ_SE	2012	4	3.0827
AZ_SE	2012	5	4.6353
AZ_SE	2012	6	104.9128
AZ_SE	2012	7	999999999
AZ_SE	2015	1	1.3265
AZ_SE	2015	2	1.6209
AZ_SE	2015	3	2.2573
AZ_SE	2015	4	4.0553
AZ_SE	2015	5	4.3053
AZ_SE	2015	6	27.7337
AZ_SE	2015	7	999999999
AZ_SE	2025	1	1.3949
AZ_SE	2025	2	1.6556
AZ_SE	2025	3	2.2172
AZ_SE	2025	4	4.0104
AZ_SE	2025	5	4.31
AZ_SE	2025	6	19.7189
AZ_SE	2025	7	999999999
AZ_SE	2035	1	1.3949
AZ_SE	2035	2	1.6556
AZ_SE	2035	3	2.2172
AZ_SE	2035	4	4.0104
AZ_SE	2035	5	4.31
AZ_SE	2035	6	19.7189
AZ_SE	2035	7	999999999
AZ_SE	2045	1	1.3949
AZ_SE	2045	2	1.6556
AZ_SE	2045	3	2.2172
AZ_SE	2045	4	4.0104
AZ_SE	2045	5	4.31
AZ_SE	2045	6	19.7189
AZ_SE	2045	7	999999999
CAN_ALB	2012	1	0.2694
CAN_ALB	2012	2	1.9604
CAN_ALB	2012	3	1.9866
CAN_ALB	2012	4	2.6877
CAN_ALB	2012	5	7.1554
CAN_ALB	2012	6	12.2483
CAN_ALB	2012	7	13.5325
CAN_ALB	2012	8	15.0445
CAN_ALB	2012	9	17.1722
CAN_ALB	2012	10	999999999
CAN_ALB	2015	1	0.2694
CAN_ALB	2015	2	1.9604
CAN_ALB	2015	3	1.9866
CAN_ALB	2015	4	2.6859
CAN_ALB	2015	5	4.9049
CAN_ALB	2015	6	6.2729
CAN_ALB	2015	7	12.2483
CAN_ALB	2015	8	13.5325
CAN_ALB	2015	9	15.0445
CAN_ALB	2015	10	17.1722
CAN_ALB	2015	11	999999999
CAN_ALB	2025	1	0.2694
CAN_ALB	2025	2	1.9604
CAN_ALB	2025	3	1.9994
CAN_ALB	2025	4	2.7023
CAN_ALB	2025	5	7.1335
CAN_ALB	2025	6	12.2483
CAN_ALB	2025	7	13.5325
CAN_ALB	2025	8	15.0445
CAN_ALB	2025	9	17.1722
CAN_ALB	2025	10	999999999
CAN_ALB	2035	1	0.2694
CAN_ALB	2035	2	1.9604
CAN_ALB	2035	3	1.9994
CAN_ALB	2035	4	2.7023
CAN_ALB	2035	5	7.1335
CAN_ALB	2035	6	12.2483
CAN_ALB	2035	7	13.5325
CAN_ALB	2035	8	15.0445
CAN_ALB	2035	9	17.1722
CAN_ALB	2035	10	999999999
CAN_ALB	2045	1	0.2694
CAN_ALB	2045	2	1.9604
CAN_ALB	2045	3	1.9994
CAN_ALB	2045	4	2.7023
CAN_ALB	2045	5	7.1335
CAN_ALB	2045	6	12.2483
CAN_ALB	2045	7	13.5325
CAN_ALB	2045	8	15.0445
CAN_ALB	2045	9	17.1722
CAN_ALB	2045	10	999999999
CAN_BC	2012	1	0.2914
CAN_BC	2012	2	1.6069
CAN_BC	2012	3	2.0304
CAN_BC	2012	4	3.6698
CAN_BC	2012	5	112.7494
CAN_BC	2012	6	138.1165
CAN_BC	2012	7	183.8388
CAN_BC	2012	8	245.7961
CAN_BC	2012	9	333.7814
CAN_BC	2012	10	999999999
CAN_BC	2015	1	0.2914
CAN_BC	2015	2	1.6069
CAN_BC	2015	3	2.0304
CAN_BC	2015	4	3.6698
CAN_BC	2015	5	112.7494
CAN_BC	2015	6	138.1165
CAN_BC	2015	7	183.8388
CAN_BC	2015	8	245.7961
CAN_BC	2015	9	333.7814
CAN_BC	2015	10	999999999
CAN_BC	2025	1	0.2914
CAN_BC	2025	2	1.6069
CAN_BC	2025	3	2.0304
CAN_BC	2025	4	3.6698
CAN_BC	2025	5	112.7494
CAN_BC	2025	6	138.1165
CAN_BC	2025	7	183.8388
CAN_BC	2025	8	245.7961
CAN_BC	2025	9	333.7814
CAN_BC	2025	10	999999999
CAN_BC	2035	1	0.2914
CAN_BC	2035	2	1.6069
CAN_BC	2035	3	2.0304
CAN_BC	2035	4	3.6698
CAN_BC	2035	5	112.7494
CAN_BC	2035	6	138.1165
CAN_BC	2035	7	183.8388
CAN_BC	2035	8	245.7961
CAN_BC	2035	9	333.7814
CAN_BC	2035	10	999999999
CAN_BC	2045	1	0.2914
CAN_BC	2045	2	1.6069
CAN_BC	2045	3	2.0304
CAN_BC	2045	4	3.6698
CAN_BC	2045	5	112.7494
CAN_BC	2045	6	138.1165
CAN_BC	2045	7	183.8388
CAN_BC	2045	8	245.7961
CAN_BC	2045	9	333.7814
CAN_BC	2045	10	999999999
CA_IID	2012	1	1.3378
CA_IID	2012	2	2.0944
CA_IID	2012	3	3.4793
CA_IID	2012	4	49601.5206
CA_IID	2012	5	999999999
CA_IID	2015	1	1.341
CA_IID	2015	2	2.0991
CA_IID	2015	3	3.0113
CA_IID	2015	4	43917.7784
CA_IID	2015	5	999999999
CA_IID	2025	1	1.3404
CA_IID	2025	2	2.066
CA_IID	2025	3	3.0201
CA_IID	2025	4	43934.5691
CA_IID	2025	5	999999999
CA_IID	2035	1	1.3404
CA_IID	2035	2	2.066
CA_IID	2035	3	3.0201
CA_IID	2035	4	43934.5691
CA_IID	2035	5	999999999
CA_IID	2045	1	1.3404
CA_IID	2045	2	2.066
CA_IID	2045	3	3.0201
CA_IID	2045	4	43934.5691
CA_IID	2045	5	999999999
CA_LADWP	2012	1	1.583
CA_LADWP	2012	2	1.9844
CA_LADWP	2012	3	151.0923
CA_LADWP	2012	4	999999999
CA_LADWP	2015	1	1.583
CA_LADWP	2015	2	1.9844
CA_LADWP	2015	3	110.4239
CA_LADWP	2015	4	999999999
CA_LADWP	2025	1	1.583
CA_LADWP	2025	2	1.9844
CA_LADWP	2025	3	110.4239
CA_LADWP	2025	4	999999999
CA_LADWP	2035	1	1.583
CA_LADWP	2035	2	1.9844
CA_LADWP	2035	3	110.4239
CA_LADWP	2035	4	999999999
CA_LADWP	2045	1	1.583
CA_LADWP	2045	2	1.9844
CA_LADWP	2045	3	110.4239
CA_LADWP	2045	4	999999999
CA_PGE_BAY	2012	1	1.7104
CA_PGE_BAY	2012	2	10.5403
CA_PGE_BAY	2012	3	1061.9134
CA_PGE_BAY	2012	4	1378.3628
CA_PGE_BAY	2012	5	2384.1553
CA_PGE_BAY	2012	6	2578.6006
CA_PGE_BAY	2012	7	3177.8894
CA_PGE_BAY	2012	8	4572.9083
CA_PGE_BAY	2012	9	999999999
CA_PGE_BAY	2015	1	1.702
CA_PGE_BAY	2015	2	7.515
CA_PGE_BAY	2015	3	1119.6818
CA_PGE_BAY	2015	4	1819.1595
CA_PGE_BAY	2015	5	2385.9375
CA_PGE_BAY	2015	6	2580.5305
CA_PGE_BAY	2015	7	3180.2711
CA_PGE_BAY	2015	8	4576.339
CA_PGE_BAY	2015	9	999999999
CA_PGE_BAY	2025	1	1.7002
CA_PGE_BAY	2025	2	7.5313
CA_PGE_BAY	2025	3	938.9963
CA_PGE_BAY	2025	4	2518.1324
CA_PGE_BAY	2025	5	2713.0435
CA_PGE_BAY	2025	6	3313.7574
CA_PGE_BAY	2025	7	4712.0844
CA_PGE_BAY	2025	8	999999999
CA_PGE_BAY	2035	1	1.7002
CA_PGE_BAY	2035	2	7.5313
CA_PGE_BAY	2035	3	938.9963
CA_PGE_BAY	2035	4	2518.1324
CA_PGE_BAY	2035	5	2713.0435
CA_PGE_BAY	2035	6	3313.7574
CA_PGE_BAY	2035	7	4712.0844
CA_PGE_BAY	2035	8	999999999
CA_PGE_BAY	2045	1	1.7002
CA_PGE_BAY	2045	2	7.5313
CA_PGE_BAY	2045	3	938.9963
CA_PGE_BAY	2045	4	2518.1324
CA_PGE_BAY	2045	5	2713.0435
CA_PGE_BAY	2045	6	3313.7574
CA_PGE_BAY	2045	7	4712.0844
CA_PGE_BAY	2045	8	999999999
CA_PGE_CEN	2012	1	0.8419
CA_PGE_CEN	2012	2	1.6133
CA_PGE_CEN	2012	3	2.0194
CA_PGE_CEN	2012	4	6.6155
CA_PGE_CEN	2012	5	6.8957
CA_PGE_CEN	2012	6	451.9533
CA_PGE_CEN	2012	7	3499.2741
CA_PGE_CEN	2012	8	6167.4282
CA_PGE_CEN	2012	9	8841.9172
CA_PGE_CEN	2012	10	10919.4379
CA_PGE_CEN	2012	11	15746.048
CA_PGE_CEN	2012	12	999999999
CA_PGE_CEN	2015	1	1.155
CA_PGE_CEN	2015	2	1.939
CA_PGE_CEN	2015	3	6.4288
CA_PGE_CEN	2015	4	417.2691
CA_PGE_CEN	2015	5	6259.6908
CA_PGE_CEN	2015	6	8302.3118
CA_PGE_CEN	2015	7	8987.068
CA_PGE_CEN	2015	8	11086.7755
CA_PGE_CEN	2015	9	15964.8901
CA_PGE_CEN	2015	10	999999999
CA_PGE_CEN	2025	1	1.1896
CA_PGE_CEN	2025	2	1.9288
CA_PGE_CEN	2025	3	6.7256
CA_PGE_CEN	2025	4	3259.7216
CA_PGE_CEN	2025	5	3407.2757
CA_PGE_CEN	2025	6	8454.7205
CA_PGE_CEN	2025	7	9152.1035
CA_PGE_CEN	2025	8	11290.4508
CA_PGE_CEN	2025	9	16258.2647
CA_PGE_CEN	2025	10	999999999
CA_PGE_CEN	2035	1	1.1896
CA_PGE_CEN	2035	2	1.9288
CA_PGE_CEN	2035	3	6.7256
CA_PGE_CEN	2035	4	3259.7216
CA_PGE_CEN	2035	5	3407.2757
CA_PGE_CEN	2035	6	8454.7205
CA_PGE_CEN	2035	7	9152.1035
CA_PGE_CEN	2035	8	11290.4508
CA_PGE_CEN	2035	9	16258.2647
CA_PGE_CEN	2035	10	999999999
CA_PGE_CEN	2045	1	1.1896
CA_PGE_CEN	2045	2	1.9288
CA_PGE_CEN	2045	3	6.7256
CA_PGE_CEN	2045	4	3259.7216
CA_PGE_CEN	2045	5	3407.2757
CA_PGE_CEN	2045	6	8454.7205
CA_PGE_CEN	2045	7	9152.1035
CA_PGE_CEN	2045	8	11290.4508
CA_PGE_CEN	2045	9	16258.2647
CA_PGE_CEN	2045	10	999999999
CA_PGE_N	2012	1	1.0825
CA_PGE_N	2012	2	1.5763
CA_PGE_N	2012	3	2.1062
CA_PGE_N	2012	4	5.2503
CA_PGE_N	2012	5	48.8138
CA_PGE_N	2012	6	202.0915
CA_PGE_N	2012	7	779.4191
CA_PGE_N	2012	8	1211.683
CA_PGE_N	2012	9	1333.1766
CA_PGE_N	2012	10	1481.022
CA_PGE_N	2012	11	1648.8454
CA_PGE_N	2012	12	1866.741
CA_PGE_N	2012	13	2122.2069
CA_PGE_N	2012	14	2420.2674
CA_PGE_N	2012	15	2759.0841
CA_PGE_N	2012	16	3162.9293
CA_PGE_N	2012	17	3650.036
CA_PGE_N	2012	18	4231.1591
CA_PGE_N	2012	19	4937.2957
CA_PGE_N	2012	20	999999999
CA_PGE_N	2015	1	0.9675
CA_PGE_N	2015	2	1.4364
CA_PGE_N	2015	3	1.9965
CA_PGE_N	2015	4	2.867
CA_PGE_N	2015	5	4.4607
CA_PGE_N	2015	6	70.7935
CA_PGE_N	2015	7	947.2776
CA_PGE_N	2015	8	1022.8043
CA_PGE_N	2015	9	1319.6088
CA_PGE_N	2015	10	1436.9918
CA_PGE_N	2015	11	1586.7354
CA_PGE_N	2015	12	1756.7112
CA_PGE_N	2015	13	1977.3948
CA_PGE_N	2015	14	2236.1263
CA_PGE_N	2015	15	2537.9935
CA_PGE_N	2015	16	2881.1354
CA_PGE_N	2015	17	3290.1324
CA_PGE_N	2015	18	3783.4496
CA_PGE_N	2015	19	4371.9786
CA_PGE_N	2015	20	5087.1108
CA_PGE_N	2015	21	999999999
CA_PGE_N	2025	1	0.9675
CA_PGE_N	2025	2	1.4364
CA_PGE_N	2025	3	1.9851
CA_PGE_N	2025	4	2.8979
CA_PGE_N	2025	5	4.5431
CA_PGE_N	2025	6	71.0326
CA_PGE_N	2025	7	974.9816
CA_PGE_N	2025	8	1016.7357
CA_PGE_N	2025	9	1297.7274
CA_PGE_N	2025	10	1416.3647
CA_PGE_N	2025	11	1567.7033
CA_PGE_N	2025	12	1739.4877
CA_PGE_N	2025	13	1962.5142
CA_PGE_N	2025	14	2223.9896
CA_PGE_N	2025	15	2529.0559
CA_PGE_N	2025	16	2875.8322
CA_PGE_N	2025	17	3289.1583
CA_PGE_N	2025	18	3787.6942
CA_PGE_N	2025	19	4382.4465
CA_PGE_N	2025	20	5105.1379
CA_PGE_N	2025	21	999999999
CA_PGE_N	2035	1	0.9675
CA_PGE_N	2035	2	1.4364
CA_PGE_N	2035	3	1.9851
CA_PGE_N	2035	4	2.8979
CA_PGE_N	2035	5	4.5431
CA_PGE_N	2035	6	71.0326
CA_PGE_N	2035	7	974.9816
CA_PGE_N	2035	8	1016.7357
CA_PGE_N	2035	9	1297.7274
CA_PGE_N	2035	10	1416.3647
CA_PGE_N	2035	11	1567.7033
CA_PGE_N	2035	12	1739.4877
CA_PGE_N	2035	13	1962.5142
CA_PGE_N	2035	14	2223.9896
CA_PGE_N	2035	15	2529.0559
CA_PGE_N	2035	16	2875.8322
CA_PGE_N	2035	17	3289.1583
CA_PGE_N	2035	18	3787.6942
CA_PGE_N	2035	19	4382.4465
CA_PGE_N	2035	20	5105.1379
CA_PGE_N	2035	21	999999999
CA_PGE_N	2045	1	0.9675
CA_PGE_N	2045	2	1.4364
CA_PGE_N	2045	3	1.9851
CA_PGE_N	2045	4	2.8979
CA_PGE_N	2045	5	4.5431
CA_PGE_N	2045	6	71.0326
CA_PGE_N	2045	7	974.9816
CA_PGE_N	2045	8	1016.7357
CA_PGE_N	2045	9	1297.7274
CA_PGE_N	2045	10	1416.3647
CA_PGE_N	2045	11	1567.7033
CA_PGE_N	2045	12	1739.4877
CA_PGE_N	2045	13	1962.5142
CA_PGE_N	2045	14	2223.9896
CA_PGE_N	2045	15	2529.0559
CA_PGE_N	2045	16	2875.8322
CA_PGE_N	2045	17	3289.1583
CA_PGE_N	2045	18	3787.6942
CA_PGE_N	2045	19	4382.4465
CA_PGE_N	2045	20	5105.1379
CA_PGE_N	2045	21	999999999
CA_PGE_S	2012	1	1.1397
CA_PGE_S	2012	2	1.4611
CA_PGE_S	2012	3	1.6958
CA_PGE_S	2012	4	1.9997
CA_PGE_S	2012	5	2.0371
CA_PGE_S	2012	6	2.7349
CA_PGE_S	2012	7	3.3688
CA_PGE_S	2012	8	3.938
CA_PGE_S	2012	9	4.3611
CA_PGE_S	2012	10	4.9402
CA_PGE_S	2012	11	663.4849
CA_PGE_S	2012	12	999999999
CA_PGE_S	2015	1	1.0089
CA_PGE_S	2015	2	1.3608
CA_PGE_S	2015	3	1.6273
CA_PGE_S	2015	4	2.0974
CA_PGE_S	2015	5	3.5505
CA_PGE_S	2015	6	3.8412
CA_PGE_S	2015	7	4.3668
CA_PGE_S	2015	8	597.1351
CA_PGE_S	2015	9	999999999
CA_PGE_S	2025	1	1.1889
CA_PGE_S	2025	2	1.5957
CA_PGE_S	2025	3	1.7214
CA_PGE_S	2025	4	2.2243
CA_PGE_S	2025	5	3.9237
CA_PGE_S	2025	6	4.4698
CA_PGE_S	2025	7	1549.9923
CA_PGE_S	2025	8	999999999
CA_PGE_S	2035	1	1.1889
CA_PGE_S	2035	2	1.5957
CA_PGE_S	2035	3	1.7214
CA_PGE_S	2035	4	2.2243
CA_PGE_S	2035	5	3.9237
CA_PGE_S	2035	6	4.4698
CA_PGE_S	2035	7	1549.9923
CA_PGE_S	2035	8	999999999
CA_PGE_S	2045	1	1.1889
CA_PGE_S	2045	2	1.5957
CA_PGE_S	2045	3	1.7214
CA_PGE_S	2045	4	2.2243
CA_PGE_S	2045	5	3.9237
CA_PGE_S	2045	6	4.4698
CA_PGE_S	2045	7	1549.9923
CA_PGE_S	2045	8	999999999
CA_SCE_CEN	2012	1	0.6636
CA_SCE_CEN	2012	2	1.2966
CA_SCE_CEN	2012	3	1.6754
CA_SCE_CEN	2012	4	2.14
CA_SCE_CEN	2012	5	3.9204
CA_SCE_CEN	2012	6	4.4323
CA_SCE_CEN	2012	7	151.2529
CA_SCE_CEN	2012	8	587.7121
CA_SCE_CEN	2012	9	6277.3817
CA_SCE_CEN	2012	10	999999999
CA_SCE_CEN	2015	1	0.6636
CA_SCE_CEN	2015	2	1.0469
CA_SCE_CEN	2015	3	1.3617
CA_SCE_CEN	2015	4	1.7418
CA_SCE_CEN	2015	5	2.1792
CA_SCE_CEN	2015	6	2.2504
CA_SCE_CEN	2015	7	3.3967
CA_SCE_CEN	2015	8	3.7823
CA_SCE_CEN	2015	9	134.9509
CA_SCE_CEN	2015	10	524.2645
CA_SCE_CEN	2015	11	999999999
CA_SCE_CEN	2025	1	0.6636
CA_SCE_CEN	2025	2	1.0469
CA_SCE_CEN	2025	3	1.367
CA_SCE_CEN	2025	4	1.5528
CA_SCE_CEN	2025	5	1.7631
CA_SCE_CEN	2025	6	2.2405
CA_SCE_CEN	2025	7	2.2789
CA_SCE_CEN	2025	8	3.4796
CA_SCE_CEN	2025	9	3.8165
CA_SCE_CEN	2025	10	136.6431
CA_SCE_CEN	2025	11	530.8809
CA_SCE_CEN	2025	12	999999999
CA_SCE_CEN	2035	1	0.6636
CA_SCE_CEN	2035	2	1.0469
CA_SCE_CEN	2035	3	1.367
CA_SCE_CEN	2035	4	1.5528
CA_SCE_CEN	2035	5	1.7631
CA_SCE_CEN	2035	6	2.2405
CA_SCE_CEN	2035	7	2.2789
CA_SCE_CEN	2035	8	3.4796
CA_SCE_CEN	2035	9	3.8165
CA_SCE_CEN	2035	10	136.6431
CA_SCE_CEN	2035	11	530.8809
CA_SCE_CEN	2035	12	999999999
CA_SCE_CEN	2045	1	0.6636
CA_SCE_CEN	2045	2	1.0469
CA_SCE_CEN	2045	3	1.367
CA_SCE_CEN	2045	4	1.5528
CA_SCE_CEN	2045	5	1.7631
CA_SCE_CEN	2045	6	2.2405
CA_SCE_CEN	2045	7	2.2789
CA_SCE_CEN	2045	8	3.4796
CA_SCE_CEN	2045	9	3.8165
CA_SCE_CEN	2045	10	136.6431
CA_SCE_CEN	2045	11	530.8809
CA_SCE_CEN	2045	12	999999999
CA_SCE_S	2012	1	1.7115
CA_SCE_S	2012	2	17.1714
CA_SCE_S	2012	3	26.4145
CA_SCE_S	2012	4	999999999
CA_SCE_S	2015	1	1.7115
CA_SCE_S	2015	2	17.1714
CA_SCE_S	2015	3	18.7351
CA_SCE_S	2015	4	999999999
CA_SCE_S	2025	1	1.7115
CA_SCE_S	2025	2	17.1714
CA_SCE_S	2025	3	18.7351
CA_SCE_S	2025	4	999999999
CA_SCE_S	2035	1	1.7115
CA_SCE_S	2035	2	17.1714
CA_SCE_S	2035	3	18.7351
CA_SCE_S	2035	4	999999999
CA_SCE_S	2045	1	1.7115
CA_SCE_S	2045	2	17.1714
CA_SCE_S	2045	3	18.7351
CA_SCE_S	2045	4	999999999
CA_SCE_SE	2012	1	1.3378
CA_SCE_SE	2012	2	2.1284
CA_SCE_SE	2012	3	3.5618
CA_SCE_SE	2012	4	6095.8243
CA_SCE_SE	2012	5	999999999
CA_SCE_SE	2015	1	1.3435
CA_SCE_SE	2015	2	2.1407
CA_SCE_SE	2015	3	3.0679
CA_SCE_SE	2015	4	5398.6121
CA_SCE_SE	2015	5	999999999
CA_SCE_SE	2025	1	1.3424
CA_SCE_SE	2025	2	2.0971
CA_SCE_SE	2025	3	3.0818
CA_SCE_SE	2025	4	5404.3137
CA_SCE_SE	2025	5	999999999
CA_SCE_SE	2035	1	1.3424
CA_SCE_SE	2035	2	2.0971
CA_SCE_SE	2035	3	3.0818
CA_SCE_SE	2035	4	5404.3137
CA_SCE_SE	2035	5	999999999
CA_SCE_SE	2045	1	1.3424
CA_SCE_SE	2045	2	2.0971
CA_SCE_SE	2045	3	3.0818
CA_SCE_SE	2045	4	5404.3137
CA_SCE_SE	2045	5	999999999
CA_SCE_VLY	2012	1	1.3288
CA_SCE_VLY	2012	2	1.7596
CA_SCE_VLY	2012	3	2.0199
CA_SCE_VLY	2012	4	4.4455
CA_SCE_VLY	2012	5	9.77
CA_SCE_VLY	2012	6	210781.1166
CA_SCE_VLY	2012	7	1686195.5752
CA_SCE_VLY	2012	8	8960726.7458
CA_SCE_VLY	2012	9	999999999
CA_SCE_VLY	2015	1	1.0089
CA_SCE_VLY	2015	2	1.3683
CA_SCE_VLY	2015	3	1.5996
CA_SCE_VLY	2015	4	2.0588
CA_SCE_VLY	2015	5	5.2993
CA_SCE_VLY	2015	6	6.3613
CA_SCE_VLY	2015	7	8.2314
CA_SCE_VLY	2015	8	190283.43
CA_SCE_VLY	2015	9	1522223.4167
CA_SCE_VLY	2015	10	999999999
CA_SCE_VLY	2025	1	1.0089
CA_SCE_VLY	2025	2	1.3975
CA_SCE_VLY	2025	3	1.6158
CA_SCE_VLY	2025	4	1.9126
CA_SCE_VLY	2025	5	2.0925
CA_SCE_VLY	2025	6	6.8769
CA_SCE_VLY	2025	7	8.818
CA_SCE_VLY	2025	8	196651.0774
CA_SCE_VLY	2025	9	1573160.9859
CA_SCE_VLY	2025	10	999999999
CA_SCE_VLY	2035	1	1.0089
CA_SCE_VLY	2035	2	1.3975
CA_SCE_VLY	2035	3	1.6158
CA_SCE_VLY	2035	4	1.9126
CA_SCE_VLY	2035	5	2.0925
CA_SCE_VLY	2035	6	6.8769
CA_SCE_VLY	2035	7	8.818
CA_SCE_VLY	2035	8	196651.0774
CA_SCE_VLY	2035	9	1573160.9859
CA_SCE_VLY	2035	10	999999999
CA_SCE_VLY	2045	1	1.0089
CA_SCE_VLY	2045	2	1.3975
CA_SCE_VLY	2045	3	1.6158
CA_SCE_VLY	2045	4	1.9126
CA_SCE_VLY	2045	5	2.0925
CA_SCE_VLY	2045	6	6.8769
CA_SCE_VLY	2045	7	8.818
CA_SCE_VLY	2045	8	196651.0774
CA_SCE_VLY	2045	9	1573160.9859
CA_SCE_VLY	2045	10	999999999
CA_SDGE	2012	1	1.7054
CA_SDGE	2012	2	5.1241
CA_SDGE	2012	3	14.3158
CA_SDGE	2012	4	999999999
CA_SDGE	2015	1	1.7054
CA_SDGE	2015	2	5.1241
CA_SDGE	2015	3	10.4404
CA_SDGE	2015	4	999999999
CA_SDGE	2025	1	1.7054
CA_SDGE	2025	2	5.1241
CA_SDGE	2025	3	10.4404
CA_SDGE	2025	4	999999999
CA_SDGE	2035	1	1.7054
CA_SDGE	2035	2	5.1241
CA_SDGE	2035	3	10.4404
CA_SDGE	2035	4	999999999
CA_SDGE	2045	1	1.7054
CA_SDGE	2045	2	5.1241
CA_SDGE	2045	3	10.4404
CA_SDGE	2045	4	999999999
CA_SMUD	2012	1	1.3411
CA_SMUD	2012	2	1.6868
CA_SMUD	2012	3	2.0681
CA_SMUD	2012	4	3.5252
CA_SMUD	2012	5	7.1444
CA_SMUD	2012	6	8.5496
CA_SMUD	2012	7	37.9872
CA_SMUD	2012	8	91.7241
CA_SMUD	2012	9	963751.9992
CA_SMUD	2012	10	999999999
CA_SMUD	2015	1	1.0089
CA_SMUD	2015	2	1.3584
CA_SMUD	2015	3	1.3978
CA_SMUD	2015	4	1.6234
CA_SMUD	2015	5	2.1492
CA_SMUD	2015	6	2.9433
CA_SMUD	2015	7	4.0646
CA_SMUD	2015	8	5.2623
CA_SMUD	2015	9	6.8428
CA_SMUD	2015	10	188.5379
CA_SMUD	2015	11	925.0984
CA_SMUD	2015	12	999999999
CA_SMUD	2025	1	1.0089
CA_SMUD	2025	2	1.3584
CA_SMUD	2025	3	1.3978
CA_SMUD	2025	4	1.6229
CA_SMUD	2025	5	2.1635
CA_SMUD	2025	6	2.743
CA_SMUD	2025	7	4.6221
CA_SMUD	2025	8	6.1005
CA_SMUD	2025	9	7.7442
CA_SMUD	2025	10	193.6278
CA_SMUD	2025	11	947.1882
CA_SMUD	2025	12	999999999
CA_SMUD	2035	1	1.0089
CA_SMUD	2035	2	1.3584
CA_SMUD	2035	3	1.3978
CA_SMUD	2035	4	1.6229
CA_SMUD	2035	5	2.1635
CA_SMUD	2035	6	2.743
CA_SMUD	2035	7	4.6221
CA_SMUD	2035	8	6.1005
CA_SMUD	2035	9	7.7442
CA_SMUD	2035	10	193.6278
CA_SMUD	2035	11	947.1882
CA_SMUD	2035	12	999999999
CA_SMUD	2045	1	1.0089
CA_SMUD	2045	2	1.3584
CA_SMUD	2045	3	1.3978
CA_SMUD	2045	4	1.6229
CA_SMUD	2045	5	2.1635
CA_SMUD	2045	6	2.743
CA_SMUD	2045	7	4.6221
CA_SMUD	2045	8	6.1005
CA_SMUD	2045	9	7.7442
CA_SMUD	2045	10	193.6278
CA_SMUD	2045	11	947.1882
CA_SMUD	2045	12	999999999
CO_DEN	2012	1	1.3396
CO_DEN	2012	2	1.6027
CO_DEN	2012	3	1.9878
CO_DEN	2012	4	3.6068
CO_DEN	2012	5	8.5566
CO_DEN	2012	6	15.4444
CO_DEN	2012	7	20.5145
CO_DEN	2012	8	325820.7312
CO_DEN	2012	9	999999999
CO_DEN	2015	1	1.336
CO_DEN	2015	2	1.6026
CO_DEN	2015	3	1.9256
CO_DEN	2015	4	23.9527
CO_DEN	2015	5	24.6441
CO_DEN	2015	6	3547.9177
CO_DEN	2015	7	44079.8631
CO_DEN	2015	8	56344.9616
CO_DEN	2015	9	94522.9502
CO_DEN	2015	10	101064.2251
CO_DEN	2015	11	999999999
CO_DEN	2025	1	1.336
CO_DEN	2025	2	1.5969
CO_DEN	2025	3	2.2937
CO_DEN	2025	4	21.4255
CO_DEN	2025	5	30.8551
CO_DEN	2025	6	67431.0038
CO_DEN	2025	7	167619.5494
CO_DEN	2025	8	999999999
CO_DEN	2035	1	1.336
CO_DEN	2035	2	1.5969
CO_DEN	2035	3	2.2937
CO_DEN	2035	4	21.4255
CO_DEN	2035	5	30.8551
CO_DEN	2035	6	67431.0038
CO_DEN	2035	7	167619.5494
CO_DEN	2035	8	999999999
CO_DEN	2045	1	1.336
CO_DEN	2045	2	1.5969
CO_DEN	2045	3	2.2937
CO_DEN	2045	4	21.4255
CO_DEN	2045	5	30.8551
CO_DEN	2045	6	67431.0038
CO_DEN	2045	7	167619.5494
CO_DEN	2045	8	999999999
CO_E	2012	1	0.8554
CO_E	2012	2	1.7136
CO_E	2012	3	2.5301
CO_E	2012	4	5.8955
CO_E	2012	5	7.8765
CO_E	2012	6	565.9485
CO_E	2012	7	647.9494
CO_E	2012	8	1123.996
CO_E	2012	9	1172.2256
CO_E	2012	10	1324.8508
CO_E	2012	11	1566.3528
CO_E	2012	12	1911.0435
CO_E	2012	13	2379.59
CO_E	2012	14	999999999
CO_E	2015	1	0.8028
CO_E	2015	2	1.5849
CO_E	2015	3	1.889
CO_E	2015	4	7.0844
CO_E	2015	5	147.4898
CO_E	2015	6	359.0053
CO_E	2015	7	371.9716
CO_E	2015	8	1198.1068
CO_E	2015	9	1252.6613
CO_E	2015	10	1425.0685
CO_E	2015	11	1697.6782
CO_E	2015	12	2086.6331
CO_E	2015	13	2615.2372
CO_E	2015	14	999999999
CO_E	2025	1	0.8028
CO_E	2025	2	1.5927
CO_E	2025	3	4.1809
CO_E	2025	4	5.597
CO_E	2025	5	9.5303
CO_E	2025	6	101.7675
CO_E	2025	7	385.3293
CO_E	2025	8	493.4659
CO_E	2025	9	1241.4903
CO_E	2025	10	1297.2197
CO_E	2025	11	1472.2798
CO_E	2025	12	1749.0613
CO_E	2025	13	2143.9523
CO_E	2025	14	2680.6106
CO_E	2025	15	999999999
CO_E	2035	1	0.8028
CO_E	2035	2	1.5927
CO_E	2035	3	4.1809
CO_E	2035	4	5.597
CO_E	2035	5	9.5303
CO_E	2035	6	101.7675
CO_E	2035	7	385.3293
CO_E	2035	8	493.4659
CO_E	2035	9	1241.4903
CO_E	2035	10	1297.2197
CO_E	2035	11	1472.2798
CO_E	2035	12	1749.0613
CO_E	2035	13	2143.9523
CO_E	2035	14	2680.6106
CO_E	2035	15	999999999
CO_E	2045	1	0.8028
CO_E	2045	2	1.5927
CO_E	2045	3	4.1809
CO_E	2045	4	5.597
CO_E	2045	5	9.5303
CO_E	2045	6	101.7675
CO_E	2045	7	385.3293
CO_E	2045	8	493.4659
CO_E	2045	9	1241.4903
CO_E	2045	10	1297.2197
CO_E	2045	11	1472.2798
CO_E	2045	12	1749.0613
CO_E	2045	13	2143.9523
CO_E	2045	14	2680.6106
CO_E	2045	15	999999999
CO_NW	2012	1	1.7197
CO_NW	2012	2	3.6474
CO_NW	2012	3	1456.3349
CO_NW	2012	4	1860.573
CO_NW	2012	5	2931.7659
CO_NW	2012	6	999999999
CO_NW	2015	1	1.566
CO_NW	2015	2	3.2674
CO_NW	2015	3	1682.7249
CO_NW	2015	4	1874.3057
CO_NW	2015	5	2953.3814
CO_NW	2015	6	999999999
CO_NW	2025	1	1.546
CO_NW	2025	2	3.2801
CO_NW	2025	3	1694.2828
CO_NW	2025	4	1886.3794
CO_NW	2025	5	2972.3855
CO_NW	2025	6	999999999
CO_NW	2035	1	1.546
CO_NW	2035	2	3.2801
CO_NW	2035	3	1694.2828
CO_NW	2035	4	1886.3794
CO_NW	2035	5	2972.3855
CO_NW	2035	6	999999999
CO_NW	2045	1	1.546
CO_NW	2045	2	3.2801
CO_NW	2045	3	1694.2828
CO_NW	2045	4	1886.3794
CO_NW	2045	5	2972.3855
CO_NW	2045	6	999999999
CO_SW	2012	1	1.5444
CO_SW	2012	2	2.5959
CO_SW	2012	3	3.7289
CO_SW	2012	4	217.3338
CO_SW	2012	5	582.4933
CO_SW	2012	6	669.5733
CO_SW	2012	7	884.5278
CO_SW	2012	8	1236.0581
CO_SW	2012	9	999999999
CO_SW	2015	1	1.511
CO_SW	2015	2	2.8422
CO_SW	2015	3	3.3443
CO_SW	2015	4	83.6459
CO_SW	2015	5	182.9423
CO_SW	2015	6	238.3172
CO_SW	2015	7	604.1029
CO_SW	2015	8	693.3617
CO_SW	2015	9	913.6281
CO_SW	2015	10	1273.7908
CO_SW	2015	11	999999999
CO_SW	2025	1	1.5553
CO_SW	2025	2	3.4391
CO_SW	2025	3	147.2704
CO_SW	2025	4	596.4341
CO_SW	2025	5	624.8715
CO_SW	2025	6	716.4667
CO_SW	2025	7	942.4299
CO_SW	2025	8	1311.8504
CO_SW	2025	9	999999999
CO_SW	2035	1	1.5553
CO_SW	2035	2	3.4391
CO_SW	2035	3	147.2704
CO_SW	2035	4	596.4341
CO_SW	2035	5	624.8715
CO_SW	2035	6	716.4667
CO_SW	2035	7	942.4299
CO_SW	2035	8	1311.8504
CO_SW	2035	9	999999999
CO_SW	2045	1	1.5553
CO_SW	2045	2	3.4391
CO_SW	2045	3	147.2704
CO_SW	2045	4	596.4341
CO_SW	2045	5	624.8715
CO_SW	2045	6	716.4667
CO_SW	2045	7	942.4299
CO_SW	2045	8	1311.8504
CO_SW	2045	9	999999999
ID_E	2012	1	1.3199
ID_E	2012	2	1.7353
ID_E	2012	3	2.8495
ID_E	2012	4	4.257
ID_E	2012	5	6.0247
ID_E	2012	6	38.8071
ID_E	2012	7	139.0232
ID_E	2012	8	999999999
ID_E	2015	1	1.1556
ID_E	2015	2	1.5935
ID_E	2015	3	1.7194
ID_E	2015	4	2.1724
ID_E	2015	5	3.6834
ID_E	2015	6	4.2102
ID_E	2015	7	8.6744
ID_E	2015	8	105.8937
ID_E	2015	9	152.2757
ID_E	2015	10	853.5373
ID_E	2015	11	999999999
ID_E	2025	1	1.1556
ID_E	2025	2	1.4806
ID_E	2025	3	1.7962
ID_E	2025	4	3.4957
ID_E	2025	5	5.5519
ID_E	2025	6	9.5169
ID_E	2025	7	35.7911
ID_E	2025	8	925.9919
ID_E	2025	9	999999999
ID_E	2035	1	1.1556
ID_E	2035	2	1.4806
ID_E	2035	3	1.7962
ID_E	2035	4	3.4957
ID_E	2035	5	5.5519
ID_E	2035	6	9.5169
ID_E	2035	7	35.7911
ID_E	2035	8	925.9919
ID_E	2035	9	999999999
ID_E	2045	1	1.1556
ID_E	2045	2	1.4806
ID_E	2045	3	1.7962
ID_E	2045	4	3.4957
ID_E	2045	5	5.5519
ID_E	2045	6	9.5169
ID_E	2045	7	35.7911
ID_E	2045	8	925.9919
ID_E	2045	9	999999999
ID_S_OR_E	2012	1	1.3436
ID_S_OR_E	2012	2	2.0412
ID_S_OR_E	2012	3	3.5338
ID_S_OR_E	2012	4	4.41
ID_S_OR_E	2012	5	4.6187
ID_S_OR_E	2012	6	6.0728
ID_S_OR_E	2012	7	10.9244
ID_S_OR_E	2012	8	51.0626
ID_S_OR_E	2012	9	67.7526
ID_S_OR_E	2012	10	85.3102
ID_S_OR_E	2012	11	103.7616
ID_S_OR_E	2012	12	4438.6036
ID_S_OR_E	2012	13	999999999
ID_S_OR_E	2015	1	1.0089
ID_S_OR_E	2015	2	1.3569
ID_S_OR_E	2015	3	2.0195
ID_S_OR_E	2015	4	2.0358
ID_S_OR_E	2015	5	3.3002
ID_S_OR_E	2015	6	4.2832
ID_S_OR_E	2015	7	5.0815
ID_S_OR_E	2015	8	28.4034
ID_S_OR_E	2015	9	41.5975
ID_S_OR_E	2015	10	301.9276
ID_S_OR_E	2015	11	435.9877
ID_S_OR_E	2015	12	999999999
ID_S_OR_E	2025	1	1.0089
ID_S_OR_E	2025	2	1.3581
ID_S_OR_E	2025	3	1.8627
ID_S_OR_E	2025	4	2.0246
ID_S_OR_E	2025	5	4.0743
ID_S_OR_E	2025	6	4.4765
ID_S_OR_E	2025	7	5.5081
ID_S_OR_E	2025	8	21.6355
ID_S_OR_E	2025	9	25.9603
ID_S_OR_E	2025	10	342.8329
ID_S_OR_E	2025	11	999999999
ID_S_OR_E	2035	1	1.0089
ID_S_OR_E	2035	2	1.3581
ID_S_OR_E	2035	3	1.8627
ID_S_OR_E	2035	4	2.0246
ID_S_OR_E	2035	5	4.0743
ID_S_OR_E	2035	6	4.4765
ID_S_OR_E	2035	7	5.5081
ID_S_OR_E	2035	8	21.6355
ID_S_OR_E	2035	9	25.9603
ID_S_OR_E	2035	10	342.8329
ID_S_OR_E	2035	11	999999999
ID_S_OR_E	2045	1	1.0089
ID_S_OR_E	2045	2	1.3581
ID_S_OR_E	2045	3	1.8627
ID_S_OR_E	2045	4	2.0246
ID_S_OR_E	2045	5	4.0743
ID_S_OR_E	2045	6	4.4765
ID_S_OR_E	2045	7	5.5081
ID_S_OR_E	2045	8	21.6355
ID_S_OR_E	2045	9	25.9603
ID_S_OR_E	2045	10	342.8329
ID_S_OR_E	2045	11	999999999
MEX_BAJA	2012	1	1.5876
MEX_BAJA	2012	2	1.9778
MEX_BAJA	2012	3	999999999
MEX_BAJA	2015	1	1.5876
MEX_BAJA	2015	2	1.9778
MEX_BAJA	2015	3	999999999
MEX_BAJA	2025	1	1.5876
MEX_BAJA	2025	2	1.9778
MEX_BAJA	2025	3	999999999
MEX_BAJA	2035	1	1.5876
MEX_BAJA	2035	2	1.9778
MEX_BAJA	2035	3	999999999
MEX_BAJA	2045	1	1.5876
MEX_BAJA	2045	2	1.9778
MEX_BAJA	2045	3	999999999
MT_NE	2012	1	1.4951
MT_NE	2012	2	2.0967
MT_NE	2012	3	3.8871
MT_NE	2012	4	3.955
MT_NE	2012	5	4.1373
MT_NE	2012	6	16.3817
MT_NE	2012	7	19.4101
MT_NE	2012	8	28.1611
MT_NE	2012	9	31.3426
MT_NE	2012	10	36.558
MT_NE	2012	11	40.0446
MT_NE	2012	12	43.4982
MT_NE	2012	13	47.5822
MT_NE	2012	14	61.8566
MT_NE	2012	15	999999999
MT_NE	2015	1	1.3101
MT_NE	2015	2	1.8931
MT_NE	2015	3	3.366
MT_NE	2015	4	15.8243
MT_NE	2015	5	18.1333
MT_NE	2015	6	19.6151
MT_NE	2015	7	23.1962
MT_NE	2015	8	34.3632
MT_NE	2015	9	38.1255
MT_NE	2015	10	44.5191
MT_NE	2015	11	48.6425
MT_NE	2015	12	52.7081
MT_NE	2015	13	57.5681
MT_NE	2015	14	75.4161
MT_NE	2015	15	999999999
MT_NE	2025	1	1.3101
MT_NE	2025	2	1.8717
MT_NE	2025	3	3.1847
MT_NE	2025	4	7.799
MT_NE	2025	5	8.6023
MT_NE	2025	6	15.6247
MT_NE	2025	7	23.6711
MT_NE	2025	8	37.2693
MT_NE	2025	9	41.6162
MT_NE	2025	10	49.1954
MT_NE	2025	11	53.9596
MT_NE	2025	12	58.6411
MT_NE	2025	13	64.2822
MT_NE	2025	14	85.7263
MT_NE	2025	15	999999999
MT_NE	2035	1	1.3101
MT_NE	2035	2	1.8717
MT_NE	2035	3	3.1847
MT_NE	2035	4	7.799
MT_NE	2035	5	8.6023
MT_NE	2035	6	15.6247
MT_NE	2035	7	23.6711
MT_NE	2035	8	37.2693
MT_NE	2035	9	41.6162
MT_NE	2035	10	49.1954
MT_NE	2035	11	53.9596
MT_NE	2035	12	58.6411
MT_NE	2035	13	64.2822
MT_NE	2035	14	85.7263
MT_NE	2035	15	999999999
MT_NE	2045	1	1.3101
MT_NE	2045	2	1.8717
MT_NE	2045	3	3.1847
MT_NE	2045	4	7.799
MT_NE	2045	5	8.6023
MT_NE	2045	6	15.6247
MT_NE	2045	7	23.6711
MT_NE	2045	8	37.2693
MT_NE	2045	9	41.6162
MT_NE	2045	10	49.1954
MT_NE	2045	11	53.9596
MT_NE	2045	12	58.6411
MT_NE	2045	13	64.2822
MT_NE	2045	14	85.7263
MT_NE	2045	15	999999999
MT_NW	2012	1	1.3422
MT_NW	2012	2	2.6881
MT_NW	2012	3	7.3602
MT_NW	2012	4	69.1378
MT_NW	2012	5	320.0505
MT_NW	2012	6	341.0596
MT_NW	2012	7	362.2835
MT_NW	2012	8	999999999
MT_NW	2015	1	1.3317
MT_NW	2015	2	2.8758
MT_NW	2015	3	6.3076
MT_NW	2015	4	83.8444
MT_NW	2015	5	121.2199
MT_NW	2015	6	329.1762
MT_NW	2015	7	350.2166
MT_NW	2015	8	371.472
MT_NW	2015	9	999999999
MT_NW	2025	1	1.3007
MT_NW	2025	2	2.4269
MT_NW	2025	3	6.2404
MT_NW	2025	4	55.7449
MT_NW	2025	5	97.597
MT_NW	2025	6	325.6322
MT_NW	2025	7	346.7124
MT_NW	2025	8	368.008
MT_NW	2025	9	999999999
MT_NW	2035	1	1.3007
MT_NW	2035	2	2.4269
MT_NW	2035	3	6.2404
MT_NW	2035	4	55.7449
MT_NW	2035	5	97.597
MT_NW	2035	6	325.6322
MT_NW	2035	7	346.7124
MT_NW	2035	8	368.008
MT_NW	2035	9	999999999
MT_NW	2045	1	1.3007
MT_NW	2045	2	2.4269
MT_NW	2045	3	6.2404
MT_NW	2045	4	55.7449
MT_NW	2045	5	97.597
MT_NW	2045	6	325.6322
MT_NW	2045	7	346.7124
MT_NW	2045	8	368.008
MT_NW	2045	9	999999999
MT_SE	2012	1	0.6636
MT_SE	2012	2	1.1575
MT_SE	2012	3	1.4819
MT_SE	2012	4	1.6479
MT_SE	2012	5	2.0268
MT_SE	2012	6	3.6364
MT_SE	2012	7	3.7837
MT_SE	2012	8	4.2046
MT_SE	2012	9	4.6397
MT_SE	2012	10	5.0919
MT_SE	2012	11	10099.9402
MT_SE	2012	12	999999999
MT_SE	2015	1	0.6636
MT_SE	2015	2	1.0219
MT_SE	2015	3	1.3804
MT_SE	2015	4	1.6439
MT_SE	2015	5	1.9569
MT_SE	2015	6	2.542
MT_SE	2015	7	3.5242
MT_SE	2015	8	3.6418
MT_SE	2015	9	3.8645
MT_SE	2015	10	4.094
MT_SE	2015	11	69.1
MT_SE	2015	12	75.0614
MT_SE	2015	13	999999999
MT_SE	2025	1	0.9965
MT_SE	2025	2	1.3846
MT_SE	2025	3	1.6444
MT_SE	2025	4	2.2416
MT_SE	2025	5	4.0889
MT_SE	2025	6	4.276
MT_SE	2025	7	24.972
MT_SE	2025	8	32.7267
MT_SE	2025	9	89.9956
MT_SE	2025	10	7831.9528
MT_SE	2025	11	999999999
MT_SE	2035	1	0.9965
MT_SE	2035	2	1.3846
MT_SE	2035	3	1.6444
MT_SE	2035	4	2.2416
MT_SE	2035	5	4.0889
MT_SE	2035	6	4.276
MT_SE	2035	7	24.972
MT_SE	2035	8	32.7267
MT_SE	2035	9	89.9956
MT_SE	2035	10	7831.9528
MT_SE	2035	11	999999999
MT_SE	2045	1	0.9965
MT_SE	2045	2	1.3846
MT_SE	2045	3	1.6444
MT_SE	2045	4	2.2416
MT_SE	2045	5	4.0889
MT_SE	2045	6	4.276
MT_SE	2045	7	24.972
MT_SE	2045	8	32.7267
MT_SE	2045	9	89.9956
MT_SE	2045	10	7831.9528
MT_SE	2045	11	999999999
MT_SW	2012	1	1.3402
MT_SW	2012	2	2.5346
MT_SW	2012	3	3.8438
MT_SW	2012	4	147.7625
MT_SW	2012	5	3351.6608
MT_SW	2012	6	49068.6326
MT_SW	2012	7	53037.1221
MT_SW	2012	8	999999999
MT_SW	2015	1	1.3174
MT_SW	2015	2	2.4734
MT_SW	2015	3	3.4685
MT_SW	2015	4	127.7519
MT_SW	2015	5	2397.8026
MT_SW	2015	6	50624.0804
MT_SW	2015	7	54686.9773
MT_SW	2015	8	999999999
MT_SW	2025	1	1.3531
MT_SW	2025	2	2.4279
MT_SW	2025	3	3.5399
MT_SW	2025	4	100.1974
MT_SW	2025	5	527.4517
MT_SW	2025	6	55583.9693
MT_SW	2025	7	59730.9384
MT_SW	2025	8	999999999
MT_SW	2035	1	1.3531
MT_SW	2035	2	2.4279
MT_SW	2035	3	3.5399
MT_SW	2035	4	100.1974
MT_SW	2035	5	527.4517
MT_SW	2035	6	55583.9693
MT_SW	2035	7	59730.9384
MT_SW	2035	8	999999999
MT_SW	2045	1	1.3531
MT_SW	2045	2	2.4279
MT_SW	2045	3	3.5399
MT_SW	2045	4	100.1974
MT_SW	2045	5	527.4517
MT_SW	2045	6	55583.9693
MT_SW	2045	7	59730.9384
MT_SW	2045	8	999999999
NM_N	2012	1	1.7006
NM_N	2012	2	2.7293
NM_N	2012	3	5.023
NM_N	2012	4	436.1986
NM_N	2012	5	451.5129
NM_N	2012	6	511.45
NM_N	2012	7	620.0995
NM_N	2012	8	670.9554
NM_N	2012	9	794.465
NM_N	2012	10	965.5182
NM_N	2012	11	999999999
NM_N	2015	1	1.5695
NM_N	2015	2	2.385
NM_N	2015	3	4.6117
NM_N	2015	4	349.0321
NM_N	2015	5	388.4047
NM_N	2015	6	474.1046
NM_N	2015	7	494.7626
NM_N	2015	8	556.4741
NM_N	2015	9	668.8773
NM_N	2015	10	721.4947
NM_N	2015	11	849.2588
NM_N	2015	12	1026.1738
NM_N	2015	13	999999999
NM_N	2025	1	1.5743
NM_N	2025	2	2.5575
NM_N	2025	3	4.745
NM_N	2025	4	384.4434
NM_N	2025	5	402.1944
NM_N	2025	6	463.471
NM_N	2025	7	516.5533
NM_N	2025	8	580.5866
NM_N	2025	9	697.9012
NM_N	2025	10	752.8235
NM_N	2025	11	886.1543
NM_N	2025	12	1070.7392
NM_N	2025	13	999999999
NM_N	2035	1	1.5743
NM_N	2035	2	2.5575
NM_N	2035	3	4.745
NM_N	2035	4	384.4434
NM_N	2035	5	402.1944
NM_N	2035	6	463.471
NM_N	2035	7	516.5533
NM_N	2035	8	580.5866
NM_N	2035	9	697.9012
NM_N	2035	10	752.8235
NM_N	2035	11	886.1543
NM_N	2035	12	1070.7392
NM_N	2035	13	999999999
NM_N	2045	1	1.5743
NM_N	2045	2	2.5575
NM_N	2045	3	4.745
NM_N	2045	4	384.4434
NM_N	2045	5	402.1944
NM_N	2045	6	463.471
NM_N	2045	7	516.5533
NM_N	2045	8	580.5866
NM_N	2045	9	697.9012
NM_N	2045	10	752.8235
NM_N	2045	11	886.1543
NM_N	2045	12	1070.7392
NM_N	2045	13	999999999
NM_S_TX_EPE	2012	1	1.5382
NM_S_TX_EPE	2012	2	2.0871
NM_S_TX_EPE	2012	3	6.0344
NM_S_TX_EPE	2012	4	18324.7769
NM_S_TX_EPE	2012	5	19445.6037
NM_S_TX_EPE	2012	6	22153.3169
NM_S_TX_EPE	2012	7	25884.8835
NM_S_TX_EPE	2012	8	999999999
NM_S_TX_EPE	2015	1	1.2262
NM_S_TX_EPE	2015	2	1.8368
NM_S_TX_EPE	2015	3	5.1605
NM_S_TX_EPE	2015	4	3286.2984
NM_S_TX_EPE	2015	5	13729.5195
NM_S_TX_EPE	2015	6	14853.2876
NM_S_TX_EPE	2015	7	17568.1048
NM_S_TX_EPE	2015	8	21309.4594
NM_S_TX_EPE	2015	9	999999999
NM_S_TX_EPE	2025	1	1.521
NM_S_TX_EPE	2025	2	2.0957
NM_S_TX_EPE	2025	3	5.136
NM_S_TX_EPE	2025	4	1280.8681
NM_S_TX_EPE	2025	5	17154.4385
NM_S_TX_EPE	2025	6	18281.2282
NM_S_TX_EPE	2025	7	21003.3431
NM_S_TX_EPE	2025	8	24754.7525
NM_S_TX_EPE	2025	9	999999999
NM_S_TX_EPE	2035	1	1.521
NM_S_TX_EPE	2035	2	2.0957
NM_S_TX_EPE	2035	3	5.136
NM_S_TX_EPE	2035	4	1280.8681
NM_S_TX_EPE	2035	5	17154.4385
NM_S_TX_EPE	2035	6	18281.2282
NM_S_TX_EPE	2035	7	21003.3431
NM_S_TX_EPE	2035	8	24754.7525
NM_S_TX_EPE	2035	9	999999999
NM_S_TX_EPE	2045	1	1.521
NM_S_TX_EPE	2045	2	2.0957
NM_S_TX_EPE	2045	3	5.136
NM_S_TX_EPE	2045	4	1280.8681
NM_S_TX_EPE	2045	5	17154.4385
NM_S_TX_EPE	2045	6	18281.2282
NM_S_TX_EPE	2045	7	21003.3431
NM_S_TX_EPE	2045	8	24754.7525
NM_S_TX_EPE	2045	9	999999999
NV_N	2012	1	1.3463
NV_N	2012	2	1.6446
NV_N	2012	3	1.9914
NV_N	2012	4	3.9603
NV_N	2012	5	4.0528
NV_N	2012	6	4.1395
NV_N	2012	7	4.2072
NV_N	2012	8	17177.3477
NV_N	2012	9	49372.979
NV_N	2012	10	57590.8107
NV_N	2012	11	263579.4724
NV_N	2012	12	999999999
NV_N	2015	1	1.2211
NV_N	2015	2	1.4023
NV_N	2015	3	1.827
NV_N	2015	4	3.539
NV_N	2015	5	3.6192
NV_N	2015	6	3.6984
NV_N	2015	7	3.76
NV_N	2015	8	614.882
NV_N	2015	9	733.7727
NV_N	2015	10	1167.3803
NV_N	2015	11	999999999
NV_N	2025	1	1.0089
NV_N	2025	2	1.3347
NV_N	2025	3	1.4201
NV_N	2025	4	1.8274
NV_N	2025	5	2.1846
NV_N	2025	6	3.4307
NV_N	2025	7	3.5147
NV_N	2025	8	3.5971
NV_N	2025	9	3.6647
NV_N	2025	10	3.7561
NV_N	2025	11	328.6385
NV_N	2025	12	135310.0364
NV_N	2025	13	999999999
NV_N	2035	1	1.0089
NV_N	2035	2	1.3347
NV_N	2035	3	1.4201
NV_N	2035	4	1.8274
NV_N	2035	5	2.1846
NV_N	2035	6	3.4307
NV_N	2035	7	3.5147
NV_N	2035	8	3.5971
NV_N	2035	9	3.6647
NV_N	2035	10	3.7561
NV_N	2035	11	328.6385
NV_N	2035	12	135310.0364
NV_N	2035	13	999999999
NV_N	2045	1	1.0089
NV_N	2045	2	1.3347
NV_N	2045	3	1.4201
NV_N	2045	4	1.8274
NV_N	2045	5	2.1846
NV_N	2045	6	3.4307
NV_N	2045	7	3.5147
NV_N	2045	8	3.5971
NV_N	2045	9	3.6647
NV_N	2045	10	3.7561
NV_N	2045	11	328.6385
NV_N	2045	12	135310.0364
NV_N	2045	13	999999999
NV_S	2012	1	1.1397
NV_S	2012	2	1.3387
NV_S	2012	3	1.6048
NV_S	2012	4	1.9891
NV_S	2012	5	4.4337
NV_S	2012	6	4.8774
NV_S	2012	7	5.3163
NV_S	2012	8	5.7553
NV_S	2012	9	6.1661
NV_S	2012	10	6.6251
NV_S	2012	11	999999999
NV_S	2015	1	1.0089
NV_S	2015	2	1.338
NV_S	2015	3	1.6048
NV_S	2015	4	1.9891
NV_S	2015	5	3.9605
NV_S	2015	6	4.3864
NV_S	2015	7	4.775
NV_S	2015	8	5.1387
NV_S	2015	9	5.545
NV_S	2015	10	999999999
NV_S	2025	1	1.0089
NV_S	2025	2	1.338
NV_S	2025	3	1.6048
NV_S	2025	4	1.9891
NV_S	2025	5	3.9605
NV_S	2025	6	4.3864
NV_S	2025	7	4.775
NV_S	2025	8	5.1387
NV_S	2025	9	5.545
NV_S	2025	10	999999999
NV_S	2035	1	1.0089
NV_S	2035	2	1.338
NV_S	2035	3	1.6048
NV_S	2035	4	1.9891
NV_S	2035	5	3.9605
NV_S	2035	6	4.3864
NV_S	2035	7	4.775
NV_S	2035	8	5.1387
NV_S	2035	9	5.545
NV_S	2035	10	999999999
NV_S	2045	1	1.0089
NV_S	2045	2	1.338
NV_S	2045	3	1.6048
NV_S	2045	4	1.9891
NV_S	2045	5	3.9605
NV_S	2045	6	4.3864
NV_S	2045	7	4.775
NV_S	2045	8	5.1387
NV_S	2045	9	5.545
NV_S	2045	10	999999999
OR_E	2012	1	1.3442
OR_E	2012	2	2.0934
OR_E	2012	3	3.5017
OR_E	2012	4	3.8448
OR_E	2012	5	4.1088
OR_E	2012	6	57.3131
OR_E	2012	7	288.3407
OR_E	2012	8	1282.8978
OR_E	2012	9	999999999
OR_E	2015	1	1.1921
OR_E	2015	2	1.7099
OR_E	2015	3	2.1726
OR_E	2015	4	3.3946
OR_E	2015	5	3.6717
OR_E	2015	6	53.1998
OR_E	2015	7	1020.3436
OR_E	2015	8	999999999
OR_E	2025	1	1.0089
OR_E	2025	2	1.3564
OR_E	2025	3	2.0438
OR_E	2025	4	2.0769
OR_E	2025	5	3.2218
OR_E	2025	6	3.4371
OR_E	2025	7	3.7164
OR_E	2025	8	53.9033
OR_E	2025	9	163.252
OR_E	2025	10	999999999
OR_E	2035	1	1.0089
OR_E	2035	2	1.3564
OR_E	2035	3	2.0438
OR_E	2035	4	2.0769
OR_E	2035	5	3.2218
OR_E	2035	6	3.4371
OR_E	2035	7	3.7164
OR_E	2035	8	53.9033
OR_E	2035	9	163.252
OR_E	2035	10	999999999
OR_E	2045	1	1.0089
OR_E	2045	2	1.3564
OR_E	2045	3	2.0438
OR_E	2045	4	2.0769
OR_E	2045	5	3.2218
OR_E	2045	6	3.4371
OR_E	2045	7	3.7164
OR_E	2045	8	53.9033
OR_E	2045	9	163.252
OR_E	2045	10	999999999
OR_PDX	2012	1	1.4123
OR_PDX	2012	2	2.1195
OR_PDX	2012	3	6.441
OR_PDX	2012	4	6.5358
OR_PDX	2012	5	30.0468
OR_PDX	2012	6	32.0185
OR_PDX	2012	7	36.6778
OR_PDX	2012	8	38.6706
OR_PDX	2012	9	46.3034
OR_PDX	2012	10	48.7458
OR_PDX	2012	11	57.1358
OR_PDX	2012	12	73.8237
OR_PDX	2012	13	446.9631
OR_PDX	2012	14	999999999
OR_PDX	2015	1	1.2433
OR_PDX	2015	2	1.9244
OR_PDX	2015	3	5.0941
OR_PDX	2015	4	5.7199
OR_PDX	2015	5	29.8811
OR_PDX	2015	6	41.705
OR_PDX	2015	7	42.324
OR_PDX	2015	8	49.9702
OR_PDX	2015	9	52.4149
OR_PDX	2015	10	60.8193
OR_PDX	2015	11	77.538
OR_PDX	2015	12	451.415
OR_PDX	2015	13	999999999
OR_PDX	2025	1	1.2513
OR_PDX	2025	2	1.9341
OR_PDX	2025	3	5.1046
OR_PDX	2025	4	5.6073
OR_PDX	2025	5	30.0393
OR_PDX	2025	6	41.8949
OR_PDX	2025	7	42.5124
OR_PDX	2025	8	50.1711
OR_PDX	2025	9	52.6187
OR_PDX	2025	10	61.0409
OR_PDX	2025	11	77.7978
OR_PDX	2025	12	452.5867
OR_PDX	2025	13	999999999
OR_PDX	2035	1	1.2513
OR_PDX	2035	2	1.9341
OR_PDX	2035	3	5.1046
OR_PDX	2035	4	5.6073
OR_PDX	2035	5	30.0393
OR_PDX	2035	6	41.8949
OR_PDX	2035	7	42.5124
OR_PDX	2035	8	50.1711
OR_PDX	2035	9	52.6187
OR_PDX	2035	10	61.0409
OR_PDX	2035	11	77.7978
OR_PDX	2035	12	452.5867
OR_PDX	2035	13	999999999
OR_PDX	2045	1	1.2513
OR_PDX	2045	2	1.9341
OR_PDX	2045	3	5.1046
OR_PDX	2045	4	5.6073
OR_PDX	2045	5	30.0393
OR_PDX	2045	6	41.8949
OR_PDX	2045	7	42.5124
OR_PDX	2045	8	50.1711
OR_PDX	2045	9	52.6187
OR_PDX	2045	10	61.0409
OR_PDX	2045	11	77.7978
OR_PDX	2045	12	452.5867
OR_PDX	2045	13	999999999
OR_W	2012	1	1.1185
OR_W	2012	2	1.479
OR_W	2012	3	2.1008
OR_W	2012	4	5.12
OR_W	2012	5	36.5441
OR_W	2012	6	40.438
OR_W	2012	7	62.5847
OR_W	2012	8	69.8792
OR_W	2012	9	78.8188
OR_W	2012	10	88.6815
OR_W	2012	11	100.0378
OR_W	2012	12	112.8656
OR_W	2012	13	126.0726
OR_W	2012	14	138.4666
OR_W	2012	15	152.8846
OR_W	2012	16	170.535
OR_W	2012	17	191.5869
OR_W	2012	18	217.2171
OR_W	2012	19	999999999
OR_W	2015	1	0.9936
OR_W	2015	2	1.4317
OR_W	2015	3	2.2937
OR_W	2015	4	3.8704
OR_W	2015	5	4.4545
OR_W	2015	6	40.4875
OR_W	2015	7	43.7938
OR_W	2015	8	49.582
OR_W	2015	9	65.8711
OR_W	2015	10	73.1806
OR_W	2015	11	82.1376
OR_W	2015	12	92.0193
OR_W	2015	13	103.3971
OR_W	2015	14	116.2487
OR_W	2015	15	129.4802
OR_W	2015	16	141.8975
OR_W	2015	17	156.3422
OR_W	2015	18	174.0248
OR_W	2015	19	195.1146
OR_W	2015	20	220.7906
OR_W	2015	21	999999999
OR_W	2025	1	0.9936
OR_W	2025	2	1.431
OR_W	2025	3	2.3202
OR_W	2025	4	3.8721
OR_W	2025	5	4.4193
OR_W	2025	6	41.3348
OR_W	2025	7	43.8909
OR_W	2025	8	49.6919
OR_W	2025	9	65.9945
OR_W	2025	10	73.3215
OR_W	2025	11	82.2994
OR_W	2025	12	92.2038
OR_W	2025	13	103.6072
OR_W	2025	14	116.4873
OR_W	2025	15	129.7481
OR_W	2025	16	142.1933
OR_W	2025	17	156.6698
OR_W	2025	18	174.3909
OR_W	2025	19	195.526
OR_W	2025	20	221.2566
OR_W	2025	21	999999999
OR_W	2035	1	0.9936
OR_W	2035	2	1.431
OR_W	2035	3	2.3202
OR_W	2035	4	3.8721
OR_W	2035	5	4.4193
OR_W	2035	6	41.3348
OR_W	2035	7	43.8909
OR_W	2035	8	49.6919
OR_W	2035	9	65.9945
OR_W	2035	10	73.3215
OR_W	2035	11	82.2994
OR_W	2035	12	92.2038
OR_W	2035	13	103.6072
OR_W	2035	14	116.4873
OR_W	2035	15	129.7481
OR_W	2035	16	142.1933
OR_W	2035	17	156.6698
OR_W	2035	18	174.3909
OR_W	2035	19	195.526
OR_W	2035	20	221.2566
OR_W	2035	21	999999999
OR_W	2045	1	0.9936
OR_W	2045	2	1.431
OR_W	2045	3	2.3202
OR_W	2045	4	3.8721
OR_W	2045	5	4.4193
OR_W	2045	6	41.3348
OR_W	2045	7	43.8909
OR_W	2045	8	49.6919
OR_W	2045	9	65.9945
OR_W	2045	10	73.3215
OR_W	2045	11	82.2994
OR_W	2045	12	92.2038
OR_W	2045	13	103.6072
OR_W	2045	14	116.4873
OR_W	2045	15	129.7481
OR_W	2045	16	142.1933
OR_W	2045	17	156.6698
OR_W	2045	18	174.3909
OR_W	2045	19	195.526
OR_W	2045	20	221.2566
OR_W	2045	21	999999999
OR_WA_BPA	2012	1	1.4603
OR_WA_BPA	2012	2	2.2035
OR_WA_BPA	2012	3	5.1937
OR_WA_BPA	2012	4	13.2942
OR_WA_BPA	2012	5	48.6775
OR_WA_BPA	2012	6	80.6261
OR_WA_BPA	2012	7	116.8579
OR_WA_BPA	2012	8	238.3632
OR_WA_BPA	2012	9	258.2028
OR_WA_BPA	2012	10	281.0109
OR_WA_BPA	2012	11	308.607
OR_WA_BPA	2012	12	341.3724
OR_WA_BPA	2012	13	380.8008
OR_WA_BPA	2012	14	999999999
OR_WA_BPA	2015	1	1.4111
OR_WA_BPA	2015	2	2.1851
OR_WA_BPA	2015	3	5.777
OR_WA_BPA	2015	4	32.2526
OR_WA_BPA	2015	5	131.2438
OR_WA_BPA	2015	6	306.9742
OR_WA_BPA	2015	7	327.5439
OR_WA_BPA	2015	8	351.1846
OR_WA_BPA	2015	9	379.7781
OR_WA_BPA	2015	10	413.7194
OR_WA_BPA	2015	11	454.5538
OR_WA_BPA	2015	12	999999999
OR_WA_BPA	2025	1	1.1646
OR_WA_BPA	2025	2	2.0374
OR_WA_BPA	2025	3	2.3032
OR_WA_BPA	2025	4	4.6108
OR_WA_BPA	2025	5	5.4168
OR_WA_BPA	2025	6	75.545
OR_WA_BPA	2025	7	110.4816
OR_WA_BPA	2025	8	145.8684
OR_WA_BPA	2025	9	319.7536
OR_WA_BPA	2025	10	341.5122
OR_WA_BPA	2025	11	366.5085
OR_WA_BPA	2025	12	396.7263
OR_WA_BPA	2025	13	432.5823
OR_WA_BPA	2025	14	475.7061
OR_WA_BPA	2025	15	999999999
OR_WA_BPA	2035	1	1.1646
OR_WA_BPA	2035	2	2.0374
OR_WA_BPA	2035	3	2.3032
OR_WA_BPA	2035	4	4.6108
OR_WA_BPA	2035	5	5.4168
OR_WA_BPA	2035	6	75.545
OR_WA_BPA	2035	7	110.4816
OR_WA_BPA	2035	8	145.8684
OR_WA_BPA	2035	9	319.7536
OR_WA_BPA	2035	10	341.5122
OR_WA_BPA	2035	11	366.5085
OR_WA_BPA	2035	12	396.7263
OR_WA_BPA	2035	13	432.5823
OR_WA_BPA	2035	14	475.7061
OR_WA_BPA	2035	15	999999999
OR_WA_BPA	2045	1	1.1646
OR_WA_BPA	2045	2	2.0374
OR_WA_BPA	2045	3	2.3032
OR_WA_BPA	2045	4	4.6108
OR_WA_BPA	2045	5	5.4168
OR_WA_BPA	2045	6	75.545
OR_WA_BPA	2045	7	110.4816
OR_WA_BPA	2045	8	145.8684
OR_WA_BPA	2045	9	319.7536
OR_WA_BPA	2045	10	341.5122
OR_WA_BPA	2045	11	366.5085
OR_WA_BPA	2045	12	396.7263
OR_WA_BPA	2045	13	432.5823
OR_WA_BPA	2045	14	475.7061
OR_WA_BPA	2045	15	999999999
UT_N	2012	1	1.2358
UT_N	2012	2	1.8006
UT_N	2012	3	5.0789
UT_N	2012	4	153.5569
UT_N	2012	5	307.2345
UT_N	2012	6	692.1564
UT_N	2012	7	808.181
UT_N	2012	8	959.031
UT_N	2012	9	999999999
UT_N	2015	1	1.2271
UT_N	2015	2	1.7596
UT_N	2015	3	4.2807
UT_N	2015	4	88.3097
UT_N	2015	5	98.7734
UT_N	2015	6	556.4621
UT_N	2015	7	676.1689
UT_N	2015	8	831.7824
UT_N	2015	9	999999999
UT_N	2025	1	1.2273
UT_N	2025	2	1.7347
UT_N	2025	3	4.3047
UT_N	2025	4	48.4243
UT_N	2025	5	684.4817
UT_N	2025	6	806.9115
UT_N	2025	7	966.0476
UT_N	2025	8	999999999
UT_N	2035	1	1.2273
UT_N	2035	2	1.7347
UT_N	2035	3	4.3047
UT_N	2035	4	48.4243
UT_N	2035	5	684.4817
UT_N	2035	6	806.9115
UT_N	2035	7	966.0476
UT_N	2035	8	999999999
UT_N	2045	1	1.2273
UT_N	2045	2	1.7347
UT_N	2045	3	4.3047
UT_N	2045	4	48.4243
UT_N	2045	5	684.4817
UT_N	2045	6	806.9115
UT_N	2045	7	966.0476
UT_N	2045	8	999999999
UT_S	2012	1	1.3476
UT_S	2012	2	2.162
UT_S	2012	3	3.2923
UT_S	2012	4	22.2705
UT_S	2012	5	215.2161
UT_S	2012	6	304.3629
UT_S	2012	7	326.8396
UT_S	2012	8	340.628
UT_S	2012	9	378.5203
UT_S	2012	10	424.3414
UT_S	2012	11	478.6196
UT_S	2012	12	531.4462
UT_S	2012	13	596.0456
UT_S	2012	14	760.4633
UT_S	2012	15	967.2632
UT_S	2012	16	999999999
UT_S	2015	1	1.3245
UT_S	2015	2	2.4331
UT_S	2015	3	2.9233
UT_S	2015	4	19.7361
UT_S	2015	5	217.7836
UT_S	2015	6	272.5976
UT_S	2015	7	299.0078
UT_S	2015	8	312.9067
UT_S	2015	9	351.0781
UT_S	2015	10	397.2342
UT_S	2015	11	451.9071
UT_S	2015	12	505.1186
UT_S	2015	13	570.1863
UT_S	2015	14	735.7894
UT_S	2015	15	944.075
UT_S	2015	16	999999999
UT_S	2025	1	1.3569
UT_S	2025	2	2.4537
UT_S	2025	3	2.9325
UT_S	2025	4	19.8472
UT_S	2025	5	181.7764
UT_S	2025	6	325.62
UT_S	2025	7	339.6224
UT_S	2025	8	378.0554
UT_S	2025	9	424.5254
UT_S	2025	10	479.5682
UT_S	2025	11	533.1404
UT_S	2025	12	598.6471
UT_S	2025	13	765.3609
UT_S	2025	14	975.039
UT_S	2025	15	999999999
UT_S	2035	1	1.3569
UT_S	2035	2	2.4537
UT_S	2035	3	2.9325
UT_S	2035	4	19.8472
UT_S	2035	5	181.7764
UT_S	2035	6	325.62
UT_S	2035	7	339.6224
UT_S	2035	8	378.0554
UT_S	2035	9	424.5254
UT_S	2035	10	479.5682
UT_S	2035	11	533.1404
UT_S	2035	12	598.6471
UT_S	2035	13	765.3609
UT_S	2035	14	975.039
UT_S	2035	15	999999999
UT_S	2045	1	1.3569
UT_S	2045	2	2.4537
UT_S	2045	3	2.9325
UT_S	2045	4	19.8472
UT_S	2045	5	181.7764
UT_S	2045	6	325.62
UT_S	2045	7	339.6224
UT_S	2045	8	378.0554
UT_S	2045	9	424.5254
UT_S	2045	10	479.5682
UT_S	2045	11	533.1404
UT_S	2045	12	598.6471
UT_S	2045	13	765.3609
UT_S	2045	14	975.039
UT_S	2045	15	999999999
WA_ID_AVA	2012	1	1.1248
WA_ID_AVA	2012	2	1.5663
WA_ID_AVA	2012	3	2.2211
WA_ID_AVA	2012	4	4.5125
WA_ID_AVA	2012	5	4.768
WA_ID_AVA	2012	6	10.0571
WA_ID_AVA	2012	7	55.7776
WA_ID_AVA	2012	8	60.3006
WA_ID_AVA	2012	9	60.5882
WA_ID_AVA	2012	10	64.3527
WA_ID_AVA	2012	11	72.4309
WA_ID_AVA	2012	12	82.4319
WA_ID_AVA	2012	13	94.3497
WA_ID_AVA	2012	14	108.3895
WA_ID_AVA	2012	15	124.5243
WA_ID_AVA	2012	16	143.6523
WA_ID_AVA	2012	17	167.8626
WA_ID_AVA	2012	18	191.3081
WA_ID_AVA	2012	19	214.1187
WA_ID_AVA	2012	20	241.5085
WA_ID_AVA	2012	21	999999999
WA_ID_AVA	2015	1	0.9982
WA_ID_AVA	2015	2	1.4265
WA_ID_AVA	2015	3	2.0998
WA_ID_AVA	2015	4	4.0266
WA_ID_AVA	2015	5	4.1778
WA_ID_AVA	2015	6	54.2611
WA_ID_AVA	2015	7	54.6656
WA_ID_AVA	2015	8	66.6248
WA_ID_AVA	2015	9	72.5575
WA_ID_AVA	2015	10	74.5661
WA_ID_AVA	2015	11	77.9891
WA_ID_AVA	2015	12	86.4212
WA_ID_AVA	2015	13	96.8451
WA_ID_AVA	2015	14	109.2552
WA_ID_AVA	2015	15	123.8645
WA_ID_AVA	2015	16	140.6455
WA_ID_AVA	2015	17	160.5289
WA_ID_AVA	2015	18	185.6792
WA_ID_AVA	2015	19	210.0371
WA_ID_AVA	2015	20	233.7362
WA_ID_AVA	2015	21	262.1835
WA_ID_AVA	2015	22	999999999
WA_ID_AVA	2025	1	0.6636
WA_ID_AVA	2025	2	1.1779
WA_ID_AVA	2025	3	1.7547
WA_ID_AVA	2025	4	1.9236
WA_ID_AVA	2025	5	3.4298
WA_ID_AVA	2025	6	4.1258
WA_ID_AVA	2025	7	4.7522
WA_ID_AVA	2025	8	56.4132
WA_ID_AVA	2025	9	59.8198
WA_ID_AVA	2025	10	72.5435
WA_ID_AVA	2025	11	78.8341
WA_ID_AVA	2025	12	80.6447
WA_ID_AVA	2025	13	81.0508
WA_ID_AVA	2025	14	84.7624
WA_ID_AVA	2025	15	93.7384
WA_ID_AVA	2025	16	104.8122
WA_ID_AVA	2025	17	117.9788
WA_ID_AVA	2025	18	133.4632
WA_ID_AVA	2025	19	151.2375
WA_ID_AVA	2025	20	172.2818
WA_ID_AVA	2025	21	198.8768
WA_ID_AVA	2025	22	224.6369
WA_ID_AVA	2025	23	249.7013
WA_ID_AVA	2025	24	279.7738
WA_ID_AVA	2025	25	999999999
WA_ID_AVA	2035	1	0.6636
WA_ID_AVA	2035	2	1.1779
WA_ID_AVA	2035	3	1.7547
WA_ID_AVA	2035	4	1.9236
WA_ID_AVA	2035	5	3.4298
WA_ID_AVA	2035	6	4.1258
WA_ID_AVA	2035	7	4.7522
WA_ID_AVA	2035	8	56.4132
WA_ID_AVA	2035	9	59.8198
WA_ID_AVA	2035	10	72.5435
WA_ID_AVA	2035	11	78.8341
WA_ID_AVA	2035	12	80.6447
WA_ID_AVA	2035	13	81.0508
WA_ID_AVA	2035	14	84.7624
WA_ID_AVA	2035	15	93.7384
WA_ID_AVA	2035	16	104.8122
WA_ID_AVA	2035	17	117.9788
WA_ID_AVA	2035	18	133.4632
WA_ID_AVA	2035	19	151.2375
WA_ID_AVA	2035	20	172.2818
WA_ID_AVA	2035	21	198.8768
WA_ID_AVA	2035	22	224.6369
WA_ID_AVA	2035	23	249.7013
WA_ID_AVA	2035	24	279.7738
WA_ID_AVA	2035	25	999999999
WA_ID_AVA	2045	1	0.6636
WA_ID_AVA	2045	2	1.1779
WA_ID_AVA	2045	3	1.7547
WA_ID_AVA	2045	4	1.9236
WA_ID_AVA	2045	5	3.4298
WA_ID_AVA	2045	6	4.1258
WA_ID_AVA	2045	7	4.7522
WA_ID_AVA	2045	8	56.4132
WA_ID_AVA	2045	9	59.8198
WA_ID_AVA	2045	10	72.5435
WA_ID_AVA	2045	11	78.8341
WA_ID_AVA	2045	12	80.6447
WA_ID_AVA	2045	13	81.0508
WA_ID_AVA	2045	14	84.7624
WA_ID_AVA	2045	15	93.7384
WA_ID_AVA	2045	16	104.8122
WA_ID_AVA	2045	17	117.9788
WA_ID_AVA	2045	18	133.4632
WA_ID_AVA	2045	19	151.2375
WA_ID_AVA	2045	20	172.2818
WA_ID_AVA	2045	21	198.8768
WA_ID_AVA	2045	22	224.6369
WA_ID_AVA	2045	23	249.7013
WA_ID_AVA	2045	24	279.7738
WA_ID_AVA	2045	25	999999999
WA_N_CEN	2012	1	1.1675
WA_N_CEN	2012	2	1.5376
WA_N_CEN	2012	3	2.1873
WA_N_CEN	2012	4	2.2088
WA_N_CEN	2012	5	4.0708
WA_N_CEN	2012	6	4.3691
WA_N_CEN	2012	7	5.4056
WA_N_CEN	2012	8	15.597
WA_N_CEN	2012	9	18.4158
WA_N_CEN	2012	10	30.046
WA_N_CEN	2012	11	999999999
WA_N_CEN	2015	1	1.0089
WA_N_CEN	2015	2	1.357
WA_N_CEN	2015	3	1.9572
WA_N_CEN	2015	4	2.0195
WA_N_CEN	2015	5	2.5063
WA_N_CEN	2015	6	3.0556
WA_N_CEN	2015	7	5.2337
WA_N_CEN	2015	8	8.8613
WA_N_CEN	2015	9	999999999
WA_N_CEN	2025	1	1.121
WA_N_CEN	2025	2	1.994
WA_N_CEN	2025	3	2.3814
WA_N_CEN	2025	4	5.1505
WA_N_CEN	2025	5	53.6656
WA_N_CEN	2025	6	66.0004
WA_N_CEN	2025	7	1123868.7936
WA_N_CEN	2025	8	999999999
WA_N_CEN	2035	1	1.121
WA_N_CEN	2035	2	1.994
WA_N_CEN	2035	3	2.3814
WA_N_CEN	2035	4	5.1505
WA_N_CEN	2035	5	53.6656
WA_N_CEN	2035	6	66.0004
WA_N_CEN	2035	7	1123868.7936
WA_N_CEN	2035	8	999999999
WA_N_CEN	2045	1	1.121
WA_N_CEN	2045	2	1.994
WA_N_CEN	2045	3	2.3814
WA_N_CEN	2045	4	5.1505
WA_N_CEN	2045	5	53.6656
WA_N_CEN	2045	6	66.0004
WA_N_CEN	2045	7	1123868.7936
WA_N_CEN	2045	8	999999999
WA_SEATAC	2012	1	1.3434
WA_SEATAC	2012	2	1.7865
WA_SEATAC	2012	3	7.9588
WA_SEATAC	2012	4	11.648
WA_SEATAC	2012	5	68.8392
WA_SEATAC	2012	6	70.1159
WA_SEATAC	2012	7	358.0346
WA_SEATAC	2012	8	999999999
WA_SEATAC	2015	1	1.192
WA_SEATAC	2015	2	1.6249
WA_SEATAC	2015	3	2.0364
WA_SEATAC	2015	4	8.5987
WA_SEATAC	2015	5	9.7754
WA_SEATAC	2015	6	65.7659
WA_SEATAC	2015	7	76.0587
WA_SEATAC	2015	8	82.3008
WA_SEATAC	2015	9	370.6372
WA_SEATAC	2015	10	999999999
WA_SEATAC	2025	1	1.192
WA_SEATAC	2025	2	1.6247
WA_SEATAC	2025	3	2.0369
WA_SEATAC	2025	4	8.6031
WA_SEATAC	2025	5	9.7756
WA_SEATAC	2025	6	65.7609
WA_SEATAC	2025	7	76.0381
WA_SEATAC	2025	8	82.2706
WA_SEATAC	2025	9	364.1373
WA_SEATAC	2025	10	999999999
WA_SEATAC	2035	1	1.192
WA_SEATAC	2035	2	1.6247
WA_SEATAC	2035	3	2.0369
WA_SEATAC	2035	4	8.6031
WA_SEATAC	2035	5	9.7756
WA_SEATAC	2035	6	65.7609
WA_SEATAC	2035	7	76.0381
WA_SEATAC	2035	8	82.2706
WA_SEATAC	2035	9	364.1373
WA_SEATAC	2035	10	999999999
WA_SEATAC	2045	1	1.192
WA_SEATAC	2045	2	1.6247
WA_SEATAC	2045	3	2.0369
WA_SEATAC	2045	4	8.6031
WA_SEATAC	2045	5	9.7756
WA_SEATAC	2045	6	65.7609
WA_SEATAC	2045	7	76.0381
WA_SEATAC	2045	8	82.2706
WA_SEATAC	2045	9	364.1373
WA_SEATAC	2045	10	999999999
WA_W	2012	1	1.1185
WA_W	2012	2	1.4772
WA_W	2012	3	2.1231
WA_W	2012	4	5.4896
WA_W	2012	5	41.0264
WA_W	2012	6	43.9781
WA_W	2012	7	45.6483
WA_W	2012	8	47.0102
WA_W	2012	9	47.7565
WA_W	2012	10	52.0401
WA_W	2012	11	57.1044
WA_W	2012	12	61.9281
WA_W	2012	13	68.1177
WA_W	2012	14	75.3629
WA_W	2012	15	84.161
WA_W	2012	16	94.1783
WA_W	2012	17	106.5833
WA_W	2012	18	121.6106
WA_W	2012	19	139.6246
WA_W	2012	20	999999999
WA_W	2015	1	0.9936
WA_W	2015	2	1.4328
WA_W	2015	3	2.4043
WA_W	2015	4	3.8841
WA_W	2015	5	4.8534
WA_W	2015	6	36.3202
WA_W	2015	7	42.9096
WA_W	2015	8	46.9484
WA_W	2015	9	48.3641
WA_W	2015	10	49.7257
WA_W	2015	11	50.4722
WA_W	2015	12	54.7563
WA_W	2015	13	59.8213
WA_W	2015	14	64.6456
WA_W	2015	15	70.8359
WA_W	2015	16	78.0819
WA_W	2015	17	86.881
WA_W	2015	18	96.8994
WA_W	2015	19	109.3057
WA_W	2015	20	124.3345
WA_W	2015	21	142.3504
WA_W	2015	22	999999999
WA_W	2025	1	0.9937
WA_W	2025	2	1.4328
WA_W	2025	3	2.4074
WA_W	2025	4	3.8825
WA_W	2025	5	4.8554
WA_W	2025	6	36.3297
WA_W	2025	7	42.9173
WA_W	2025	8	46.954
WA_W	2025	9	48.3688
WA_W	2025	10	49.6832
WA_W	2025	11	50.4487
WA_W	2025	12	54.7343
WA_W	2025	13	59.801
WA_W	2025	14	64.6271
WA_W	2025	15	70.8195
WA_W	2025	16	78.0679
WA_W	2025	17	86.8698
WA_W	2025	18	96.8915
WA_W	2025	19	109.3017
WA_W	2025	20	124.335
WA_W	2025	21	142.3563
WA_W	2025	22	999999999
WA_W	2035	1	0.9937
WA_W	2035	2	1.4328
WA_W	2035	3	2.4074
WA_W	2035	4	3.8825
WA_W	2035	5	4.8554
WA_W	2035	6	36.3297
WA_W	2035	7	42.9173
WA_W	2035	8	46.954
WA_W	2035	9	48.3688
WA_W	2035	10	49.6832
WA_W	2035	11	50.4487
WA_W	2035	12	54.7343
WA_W	2035	13	59.801
WA_W	2035	14	64.6271
WA_W	2035	15	70.8195
WA_W	2035	16	78.0679
WA_W	2035	17	86.8698
WA_W	2035	18	96.8915
WA_W	2035	19	109.3017
WA_W	2035	20	124.335
WA_W	2035	21	142.3563
WA_W	2035	22	999999999
WA_W	2045	1	0.9937
WA_W	2045	2	1.4328
WA_W	2045	3	2.4074
WA_W	2045	4	3.8825
WA_W	2045	5	4.8554
WA_W	2045	6	36.3297
WA_W	2045	7	42.9173
WA_W	2045	8	46.954
WA_W	2045	9	48.3688
WA_W	2045	10	49.6832
WA_W	2045	11	50.4487
WA_W	2045	12	54.7343
WA_W	2045	13	59.801
WA_W	2045	14	64.6271
WA_W	2045	15	70.8195
WA_W	2045	16	78.0679
WA_W	2045	17	86.8698
WA_W	2045	18	96.8915
WA_W	2045	19	109.3017
WA_W	2045	20	124.335
WA_W	2045	21	142.3563
WA_W	2045	22	999999999
WY_NE	2012	1	1.138
WY_NE	2012	2	2.1284
WY_NE	2012	3	5.2881
WY_NE	2012	4	5.4236
WY_NE	2012	5	5.4776
WY_NE	2012	6	170.2455
WY_NE	2012	7	794.7126
WY_NE	2012	8	1006.9128
WY_NE	2012	9	999999999
WY_NE	2015	1	0.9202
WY_NE	2015	2	1.7818
WY_NE	2015	3	3.0994
WY_NE	2015	4	4.0271
WY_NE	2015	5	17.2273
WY_NE	2015	6	18.4517
WY_NE	2015	7	19.2513
WY_NE	2015	8	1854.4081
WY_NE	2015	9	999999999
WY_NE	2025	1	0.7348
WY_NE	2025	2	1.5649
WY_NE	2025	3	2.1915
WY_NE	2025	4	2.4823
WY_NE	2025	5	4.1336
WY_NE	2025	6	4.2052
WY_NE	2025	7	11.7901
WY_NE	2025	8	13.6851
WY_NE	2025	9	15.0604
WY_NE	2025	10	2088.36
WY_NE	2025	11	999999999
WY_NE	2035	1	0.7348
WY_NE	2035	2	1.5649
WY_NE	2035	3	2.1915
WY_NE	2035	4	2.4823
WY_NE	2035	5	4.1336
WY_NE	2035	6	4.2052
WY_NE	2035	7	11.7901
WY_NE	2035	8	13.6851
WY_NE	2035	9	15.0604
WY_NE	2035	10	2088.36
WY_NE	2035	11	999999999
WY_NE	2045	1	0.7348
WY_NE	2045	2	1.5649
WY_NE	2045	3	2.1915
WY_NE	2045	4	2.4823
WY_NE	2045	5	4.1336
WY_NE	2045	6	4.2052
WY_NE	2045	7	11.7901
WY_NE	2045	8	13.6851
WY_NE	2045	9	15.0604
WY_NE	2045	10	2088.36
WY_NE	2045	11	999999999
WY_NW	2012	1	0.6636
WY_NW	2012	2	2.083
WY_NW	2012	3	2.5643
WY_NW	2012	4	2.574
WY_NW	2012	5	3.6195
WY_NW	2012	6	3.683
WY_NW	2012	7	40.8389
WY_NW	2012	8	2526.6482
WY_NW	2012	9	999999999
WY_NW	2015	1	0.7543
WY_NW	2015	2	1.9657
WY_NW	2015	3	1.9714
WY_NW	2015	4	3.2885
WY_NW	2015	5	3.3513
WY_NW	2015	6	1607.6036
WY_NW	2015	7	3149.8408
WY_NW	2015	8	999999999
WY_NW	2025	1	0.7543
WY_NW	2025	2	1.6896
WY_NW	2025	3	3.2377
WY_NW	2025	4	3.4146
WY_NW	2025	5	314.8794
WY_NW	2025	6	3250.6853
WY_NW	2025	7	999999999
WY_NW	2035	1	0.7543
WY_NW	2035	2	1.6896
WY_NW	2035	3	3.2377
WY_NW	2035	4	3.4146
WY_NW	2035	5	314.8794
WY_NW	2035	6	3250.6853
WY_NW	2035	7	999999999
WY_NW	2045	1	0.7543
WY_NW	2045	2	1.6896
WY_NW	2045	3	3.2377
WY_NW	2045	4	3.4146
WY_NW	2045	5	314.8794
WY_NW	2045	6	3250.6853
WY_NW	2045	7	999999999
WY_SE	2012	1	0.6636
WY_SE	2012	2	1.4052
WY_SE	2012	3	2.0813
WY_SE	2012	4	3.4745
WY_SE	2012	5	5.5517
WY_SE	2012	6	6.0832
WY_SE	2012	7	6.8966
WY_SE	2012	8	13.4839
WY_SE	2012	9	16.4617
WY_SE	2012	10	37.5568
WY_SE	2012	11	37.7467
WY_SE	2012	12	999999999
WY_SE	2015	1	0.6636
WY_SE	2015	2	1.219
WY_SE	2015	3	1.3704
WY_SE	2015	4	2.064
WY_SE	2015	5	2.2623
WY_SE	2015	6	2.5764
WY_SE	2015	7	2.8882
WY_SE	2015	8	4.1867
WY_SE	2015	9	4.5489
WY_SE	2015	10	4.6967
WY_SE	2015	11	11.368
WY_SE	2015	12	12.3261
WY_SE	2015	13	13.0778
WY_SE	2015	14	14.8956
WY_SE	2015	15	16.6789
WY_SE	2015	16	17.8914
WY_SE	2015	17	18.9701
WY_SE	2015	18	999999999
WY_SE	2025	1	0.6636
WY_SE	2025	2	1.219
WY_SE	2025	3	1.3704
WY_SE	2025	4	1.6917
WY_SE	2025	5	2.5317
WY_SE	2025	6	3.941
WY_SE	2025	7	4.1608
WY_SE	2025	8	4.3193
WY_SE	2025	9	4.4885
WY_SE	2025	10	4.7391
WY_SE	2025	11	4.9992
WY_SE	2025	12	8.5047
WY_SE	2025	13	10.1419
WY_SE	2025	14	11.6743
WY_SE	2025	15	19.2916
WY_SE	2025	16	19.6463
WY_SE	2025	17	23.6625
WY_SE	2025	18	544.5471
WY_SE	2025	19	999999999
WY_SE	2035	1	0.6636
WY_SE	2035	2	1.219
WY_SE	2035	3	1.3704
WY_SE	2035	4	1.6917
WY_SE	2035	5	2.5317
WY_SE	2035	6	3.941
WY_SE	2035	7	4.1608
WY_SE	2035	8	4.3193
WY_SE	2035	9	4.4885
WY_SE	2035	10	4.7391
WY_SE	2035	11	4.9992
WY_SE	2035	12	8.5047
WY_SE	2035	13	10.1419
WY_SE	2035	14	11.6743
WY_SE	2035	15	19.2916
WY_SE	2035	16	19.6463
WY_SE	2035	17	23.6625
WY_SE	2035	18	544.5471
WY_SE	2035	19	999999999
WY_SE	2045	1	0.6636
WY_SE	2045	2	1.219
WY_SE	2045	3	1.3704
WY_SE	2045	4	1.6917
WY_SE	2045	5	2.5317
WY_SE	2045	6	3.941
WY_SE	2045	7	4.1608
WY_SE	2045	8	4.3193
WY_SE	2045	9	4.4885
WY_SE	2045	10	4.7391
WY_SE	2045	11	4.9992
WY_SE	2045	12	8.5047
WY_SE	2045	13	10.1419
WY_SE	2045	14	11.6743
WY_SE	2045	15	19.2916
WY_SE	2045	16	19.6463
WY_SE	2045	17	23.6625
WY_SE	2045	18	544.5471
WY_SE	2045	19	999999999
WY_SW	2012	1	0.6636
WY_SW	2012	2	1.3386
WY_SW	2012	3	1.5757
WY_SW	2012	4	2.2547
WY_SW	2012	5	3.0593
WY_SW	2012	6	3.6659
WY_SW	2012	7	3.7622
WY_SW	2012	8	3.92
WY_SW	2012	9	4.1102
WY_SW	2012	10	999999999
WY_SW	2015	1	0.6636
WY_SW	2015	2	1.1533
WY_SW	2015	3	1.3978
WY_SW	2015	4	1.9925
WY_SW	2015	5	2.7083
WY_SW	2015	6	3.2413
WY_SW	2015	7	3.3327
WY_SW	2015	8	3.4718
WY_SW	2015	9	3.6395
WY_SW	2015	10	999999999
WY_SW	2025	1	0.6636
WY_SW	2025	2	1.1533
WY_SW	2025	3	1.3978
WY_SW	2025	4	1.9874
WY_SW	2025	5	2.7089
WY_SW	2025	6	3.2478
WY_SW	2025	7	3.3362
WY_SW	2025	8	3.4753
WY_SW	2025	9	3.643
WY_SW	2025	10	999999999
WY_SW	2035	1	0.6636
WY_SW	2035	2	1.1533
WY_SW	2035	3	1.3978
WY_SW	2035	4	1.9874
WY_SW	2035	5	2.7089
WY_SW	2035	6	3.2478
WY_SW	2035	7	3.3362
WY_SW	2035	8	3.4753
WY_SW	2035	9	3.643
WY_SW	2035	10	999999999
WY_SW	2045	1	0.6636
WY_SW	2045	2	1.1533
WY_SW	2045	3	1.3978
WY_SW	2045	4	1.9874
WY_SW	2045	5	2.7089
WY_SW	2045	6	3.2478
WY_SW	2045	7	3.3362
WY_SW	2045	8	3.4753
WY_SW	2045	9	3.643
WY_SW	2045	10	999999999
