ampl.tab 3 2				
la_system	period	breakpoint_id	ng_consumption_breakpoint	ng_price_surplus_adjusted
SIC	2011	1	64855221.43	13.2875339
SIC	2011	2	101915348	5999
SIC	2011	3	148240506.1	6999
SIC	2011	4	194565664.3	7999
SIC	2011	5	240890822.5	8999
SIC	2011	6	0	9999
SIC	2014	1	64855221.43	8.718600587
SIC	2014	2	101915348	10.21860059
SIC	2014	3	148240506.1	11.71860059
SIC	2014	4	194565664.3	7999
SIC	2014	5	240890822.5	8999
SIC	2014	6	0	9999
SIC	2016	1	64855221.43	10.23589361
SIC	2016	2	101915348	11.73589361
SIC	2016	3	148240506.1	13.23589361
SIC	2016	4	194565664.3	4007.626593
SIC	2016	5	240890822.5	4508.376593
SIC	2016	6	0	9999
SIC	2018	1	64855221.43	11.75318663
SIC	2018	2	101915348	13.25318663
SIC	2018	3	148240506.1	14.75318663
SIC	2018	4	194565664.3	16.25318663
SIC	2018	5	240890822.5	17.75318663
SIC	2018	6	0	9999
SIC	2020	1	64855221.43	12.83714286
SIC	2020	2	101915348	14.33714286
SIC	2020	3	148240506.1	15.83714286
SIC	2020	4	194565664.3	17.33714286
SIC	2020	5	240890822.5	18.83714286
SIC	2020	6	0	9999
SIC	2022	1	64855221.43	13.92109909
SIC	2022	2	101915348	15.42109909
SIC	2022	3	148240506.1	16.92109909
SIC	2022	4	194565664.3	18.42109909
SIC	2022	5	240890822.5	19.92109909
SIC	2022	6	0	9999
SIC	2024	1	64855221.43	14.20372532
SIC	2024	2	101915348	15.70372532
SIC	2024	3	148240506.1	17.20372532
SIC	2024	4	194565664.3	18.70372532
SIC	2024	5	240890822.5	20.20372532
SIC	2024	6	0	9999
SIC	2026	1	64855221.43	14.48635154
SIC	2026	2	101915348	15.98635154
SIC	2026	3	148240506.1	17.48635154
SIC	2026	4	194565664.3	18.98635154
SIC	2026	5	240890822.5	20.48635154
SIC	2026	6	0	9999
SIC	2028	1	64855221.43	14.77607857
SIC	2028	2	101915348	16.30607857
SIC	2028	3	148240506.1	17.83607857
SIC	2028	4	194565664.3	19.36607857
SIC	2028	5	240890822.5	20.89607857
SIC	2028	6	0	9999
SIC	2030	1	64855221.43	15.0658056
SIC	2030	2	101915348	16.6258056
SIC	2030	3	148240506.1	18.1858056
SIC	2030	4	194565664.3	19.7458056
SIC	2030	5	240890822.5	21.3058056
SIC	2030	6	0	9999
SING	2011	1	41692642.35	13.2875339
SING	2011	2	64855221.43	5999
SING	2011	3	92650316.33	6999
SING	2011	4	111180379.6	7999
SING	2011	5	138975474.5	8999
SING	2011	6	0	9999
SING	2014	1	41692642.35	8.718600587
SING	2014	2	64855221.43	10.21860059
SING	2014	3	92650316.33	11.71860059
SING	2014	4	111180379.6	7999
SING	2014	5	138975474.5	8999
SING	2014	6	0	9999
SING	2016	1	41692642.35	10.23589361
SING	2016	2	64855221.43	11.73589361
SING	2016	3	92650316.33	13.23589361
SING	2016	4	111180379.6	4007.626593
SING	2016	5	138975474.5	4508.376593
SING	2016	6	0	9999
SING	2018	1	41692642.35	11.75318663
SING	2018	2	64855221.43	13.25318663
SING	2018	3	92650316.33	14.75318663
SING	2018	4	111180379.6	16.25318663
SING	2018	5	138975474.5	17.75318663
SING	2018	6	0	9999
SING	2020	1	41692642.35	12.83714286
SING	2020	2	64855221.43	14.33714286
SING	2020	3	92650316.33	15.83714286
SING	2020	4	111180379.6	17.33714286
SING	2020	5	138975474.5	18.83714286
SING	2020	6	0	9999
SING	2022	1	41692642.35	13.92109909
SING	2022	2	64855221.43	15.42109909
SING	2022	3	92650316.33	16.92109909
SING	2022	4	111180379.6	18.42109909
SING	2022	5	138975474.5	19.92109909
SING	2022	6	0	9999
SING	2024	1	41692642.35	14.20372532
SING	2024	2	64855221.43	15.70372532
SING	2024	3	92650316.33	17.20372532
SING	2024	4	111180379.6	18.70372532
SING	2024	5	138975474.5	20.20372532
SING	2024	6	0	9999
SING	2026	1	41692642.35	14.48635154
SING	2026	2	64855221.43	15.98635154
SING	2026	3	92650316.33	17.48635154
SING	2026	4	111180379.6	18.98635154
SING	2026	5	138975474.5	20.48635154
SING	2026	6	0	9999
SING	2028	1	41692642.35	14.77607857
SING	2028	2	64855221.43	16.30607857
SING	2028	3	92650316.33	17.83607857
SING	2028	4	111180379.6	19.36607857
SING	2028	5	138975474.5	20.89607857
SING	2028	6	0	9999
SING	2030	1	41692642.35	15.0658056
SING	2030	2	64855221.43	16.6258056
SING	2030	3	92650316.33	18.1858056
SING	2030	4	111180379.6	19.7458056
SING	2030	5	138975474.5	21.3058056
SING	2030	6	0	9999
