ampl.tab 2 2
load_area	hour	system_load	present_day_system_load
AZ_APS_E	2019121602	235	221
AZ_APS_E	2019121606	192	181
AZ_APS_E	2019121610	189	178
AZ_APS_E	2019121614	258	243
AZ_APS_E	2019121618	203	191
AZ_APS_E	2019121622	181	170
AZ_APS_E	2020121400	196	185
AZ_APS_E	2020121404	201	189
AZ_APS_E	2020121408	150	141
AZ_APS_E	2020121412	175	165
AZ_APS_E	2020121416	188	178
AZ_APS_E	2020121420	178	167
AZ_APS_E	2029121501	251	214
AZ_APS_E	2029121505	222	189
AZ_APS_E	2029121509	193	164
AZ_APS_E	2029121513	252	215
AZ_APS_E	2029121517	229	195
AZ_APS_E	2029121521	210	179
AZ_APS_E	2030121500	218	186
AZ_APS_E	2030121504	226	193
AZ_APS_E	2030121508	172	147
AZ_APS_E	2030121512	205	175
AZ_APS_E	2030121516	218	186
AZ_APS_E	2030121520	197	168
AZ_APS_E	2039120801	279	216
AZ_APS_E	2039120805	250	193
AZ_APS_E	2039120809	215	166
AZ_APS_E	2039120813	282	217
AZ_APS_E	2039120817	246	190
AZ_APS_E	2039120821	219	169
AZ_APS_E	2040122400	258	199
AZ_APS_E	2040122404	281	217
AZ_APS_E	2040122408	227	176
AZ_APS_E	2040122412	242	187
AZ_APS_E	2040122416	264	204
AZ_APS_E	2040122420	219	169
AZ_APS_E	2049121701	310	216
AZ_APS_E	2049121705	291	204
AZ_APS_E	2049121709	262	183
AZ_APS_E	2049121713	305	213
AZ_APS_E	2049121717	293	205
AZ_APS_E	2049121721	247	172
AZ_APS_E	2050122800	270	189
AZ_APS_E	2050122804	275	192
AZ_APS_E	2050122808	212	148
AZ_APS_E	2050122812	238	166
AZ_APS_E	2050122816	268	188
AZ_APS_E	2050122820	245	171
AZ_APS_N	2019121602	709	668
AZ_APS_N	2019121606	587	553
AZ_APS_N	2019121610	578	545
AZ_APS_N	2019121614	772	727
AZ_APS_N	2019121618	610	575
AZ_APS_N	2019121622	548	516
AZ_APS_N	2020121400	606	571
AZ_APS_N	2020121404	620	584
AZ_APS_N	2020121408	471	443
AZ_APS_N	2020121412	546	514
AZ_APS_N	2020121416	585	551
AZ_APS_N	2020121420	553	521
AZ_APS_N	2029121501	757	646
AZ_APS_N	2029121505	670	572
AZ_APS_N	2029121509	592	505
AZ_APS_N	2029121513	765	653
AZ_APS_N	2029121517	689	588
AZ_APS_N	2029121521	635	542
AZ_APS_N	2030121500	674	575
AZ_APS_N	2030121504	698	595
AZ_APS_N	2030121508	540	461
AZ_APS_N	2030121512	639	545
AZ_APS_N	2030121516	675	576
AZ_APS_N	2030121520	612	522
AZ_APS_N	2039120801	843	651
AZ_APS_N	2039120805	752	581
AZ_APS_N	2039120809	661	510
AZ_APS_N	2039120813	855	660
AZ_APS_N	2039120817	744	574
AZ_APS_N	2039120821	667	515
AZ_APS_N	2040122400	794	613
AZ_APS_N	2040122404	864	667
AZ_APS_N	2040122408	704	543
AZ_APS_N	2040122412	750	579
AZ_APS_N	2040122416	818	631
AZ_APS_N	2040122420	682	526
AZ_APS_N	2049121701	932	651
AZ_APS_N	2049121705	876	612
AZ_APS_N	2049121709	801	560
AZ_APS_N	2049121713	924	645
AZ_APS_N	2049121717	882	617
AZ_APS_N	2049121721	749	523
AZ_APS_N	2050122800	835	584
AZ_APS_N	2050122804	848	593
AZ_APS_N	2050122808	665	465
AZ_APS_N	2050122812	744	520
AZ_APS_N	2050122816	832	581
AZ_APS_N	2050122820	761	532
AZ_APS_SW	2019121602	596	561
AZ_APS_SW	2019121606	498	469
AZ_APS_SW	2019121610	492	464
AZ_APS_SW	2019121614	645	607
AZ_APS_SW	2019121618	510	481
AZ_APS_SW	2019121622	460	434
AZ_APS_SW	2020121400	517	487
AZ_APS_SW	2020121404	531	500
AZ_APS_SW	2020121408	408	384
AZ_APS_SW	2020121412	471	444
AZ_APS_SW	2020121416	501	472
AZ_APS_SW	2020121420	475	447
AZ_APS_SW	2029121501	635	541
AZ_APS_SW	2029121505	564	481
AZ_APS_SW	2029121509	504	430
AZ_APS_SW	2029121513	647	552
AZ_APS_SW	2029121517	576	491
AZ_APS_SW	2029121521	533	454
AZ_APS_SW	2030121500	576	491
AZ_APS_SW	2030121504	597	509
AZ_APS_SW	2030121508	469	400
AZ_APS_SW	2030121512	551	470
AZ_APS_SW	2030121516	578	493
AZ_APS_SW	2030121520	526	448
AZ_APS_SW	2039120801	709	547
AZ_APS_SW	2039120805	632	488
AZ_APS_SW	2039120809	564	435
AZ_APS_SW	2039120813	723	558
AZ_APS_SW	2039120817	624	482
AZ_APS_SW	2039120821	562	434
AZ_APS_SW	2040122400	677	522
AZ_APS_SW	2040122404	739	570
AZ_APS_SW	2040122408	605	467
AZ_APS_SW	2040122412	644	497
AZ_APS_SW	2040122416	700	541
AZ_APS_SW	2040122420	586	452
AZ_APS_SW	2049121701	782	546
AZ_APS_SW	2049121705	735	513
AZ_APS_SW	2049121709	681	476
AZ_APS_SW	2049121713	781	546
AZ_APS_SW	2049121717	739	516
AZ_APS_SW	2049121721	630	441
AZ_APS_SW	2050122800	714	499
AZ_APS_SW	2050122804	727	508
AZ_APS_SW	2050122808	577	403
AZ_APS_SW	2050122812	642	449
AZ_APS_SW	2050122816	711	497
AZ_APS_SW	2050122820	652	456
AZ_NM_N	2019121602	445	420
AZ_NM_N	2019121606	361	340
AZ_NM_N	2019121610	339	319
AZ_NM_N	2019121614	426	401
AZ_NM_N	2019121618	375	354
AZ_NM_N	2019121622	349	329
AZ_NM_N	2020121400	407	383
AZ_NM_N	2020121404	407	383
AZ_NM_N	2020121408	308	290
AZ_NM_N	2020121412	343	324
AZ_NM_N	2020121416	380	358
AZ_NM_N	2020121420	362	341
AZ_NM_N	2029121501	478	408
AZ_NM_N	2029121505	417	356
AZ_NM_N	2029121509	366	312
AZ_NM_N	2029121513	454	387
AZ_NM_N	2029121517	422	360
AZ_NM_N	2029121521	402	342
AZ_NM_N	2030121500	452	385
AZ_NM_N	2030121504	456	389
AZ_NM_N	2030121508	351	299
AZ_NM_N	2030121512	393	335
AZ_NM_N	2030121516	440	375
AZ_NM_N	2030121520	403	344
AZ_NM_N	2039120801	534	412
AZ_NM_N	2039120805	468	361
AZ_NM_N	2039120809	412	318
AZ_NM_N	2039120813	512	395
AZ_NM_N	2039120817	476	368
AZ_NM_N	2039120821	438	338
AZ_NM_N	2040122400	519	401
AZ_NM_N	2040122404	543	419
AZ_NM_N	2040122408	431	333
AZ_NM_N	2040122412	444	343
AZ_NM_N	2040122416	495	382
AZ_NM_N	2040122420	438	338
AZ_NM_N	2049121701	573	401
AZ_NM_N	2049121705	520	364
AZ_NM_N	2049121709	462	323
AZ_NM_N	2049121713	519	363
AZ_NM_N	2049121717	518	362
AZ_NM_N	2049121721	466	326
AZ_NM_N	2050122800	545	381
AZ_NM_N	2050122804	545	381
AZ_NM_N	2050122808	426	297
AZ_NM_N	2050122812	454	318
AZ_NM_N	2050122816	514	359
AZ_NM_N	2050122820	485	339
AZ_NW	2019121602	510	481
AZ_NW	2019121606	470	443
AZ_NW	2019121610	476	448
AZ_NW	2019121614	504	475
AZ_NW	2019121618	423	398
AZ_NW	2019121622	408	384
AZ_NW	2020121400	532	501
AZ_NW	2020121404	550	519
AZ_NW	2020121408	469	442
AZ_NW	2020121412	522	492
AZ_NW	2020121416	531	500
AZ_NW	2020121420	512	482
AZ_NW	2029121501	540	460
AZ_NW	2029121505	485	414
AZ_NW	2029121509	497	424
AZ_NW	2029121513	585	499
AZ_NW	2029121517	473	404
AZ_NW	2029121521	459	392
AZ_NW	2030121500	598	510
AZ_NW	2030121504	616	526
AZ_NW	2030121508	537	458
AZ_NW	2030121512	596	508
AZ_NW	2030121516	610	520
AZ_NW	2030121520	569	485
AZ_NW	2039120801	612	472
AZ_NW	2039120805	535	413
AZ_NW	2039120809	558	431
AZ_NW	2039120813	654	505
AZ_NW	2039120817	537	415
AZ_NW	2039120821	510	394
AZ_NW	2040122400	682	527
AZ_NW	2040122404	743	573
AZ_NW	2040122408	634	489
AZ_NW	2040122412	667	515
AZ_NW	2040122416	720	556
AZ_NW	2040122420	630	486
AZ_NW	2049121701	655	458
AZ_NW	2049121705	607	424
AZ_NW	2049121709	640	447
AZ_NW	2049121713	695	486
AZ_NW	2049121717	607	424
AZ_NW	2049121721	564	394
AZ_NW	2050122800	736	515
AZ_NW	2050122804	751	525
AZ_NW	2050122808	660	462
AZ_NW	2050122812	704	492
AZ_NW	2050122816	735	514
AZ_NW	2050122820	694	485
AZ_PHX	2019121602	6356	5987
AZ_PHX	2019121606	5210	4908
AZ_PHX	2019121610	5109	4813
AZ_PHX	2019121614	7028	6620
AZ_PHX	2019121618	5476	5159
AZ_PHX	2019121622	4853	4571
AZ_PHX	2020121400	5248	4944
AZ_PHX	2020121404	5374	5062
AZ_PHX	2020121408	3948	3719
AZ_PHX	2020121412	4654	4384
AZ_PHX	2020121416	5012	4722
AZ_PHX	2020121420	4731	4457
AZ_PHX	2029121501	6717	5728
AZ_PHX	2029121505	5980	5100
AZ_PHX	2029121509	5135	4380
AZ_PHX	2029121513	6758	5763
AZ_PHX	2029121517	6143	5239
AZ_PHX	2029121521	5608	4782
AZ_PHX	2030121500	5785	4934
AZ_PHX	2030121504	6039	5150
AZ_PHX	2030121508	4558	3887
AZ_PHX	2030121512	5482	4675
AZ_PHX	2030121516	5776	4926
AZ_PHX	2030121520	5211	4444
AZ_PHX	2039120801	7585	5856
AZ_PHX	2039120805	6856	5293
AZ_PHX	2039120809	5914	4566
AZ_PHX	2039120813	7796	6019
AZ_PHX	2039120817	6743	5206
AZ_PHX	2039120821	5917	4568
AZ_PHX	2040122400	6863	5298
AZ_PHX	2040122404	7546	5826
AZ_PHX	2040122408	6120	4725
AZ_PHX	2040122412	6480	5003
AZ_PHX	2040122416	7156	5525
AZ_PHX	2040122420	5943	4588
AZ_PHX	2049121701	8385	5861
AZ_PHX	2049121705	7996	5589
AZ_PHX	2049121709	7219	5046
AZ_PHX	2049121713	8425	5888
AZ_PHX	2049121717	8095	5658
AZ_PHX	2049121721	6707	4687
AZ_PHX	2050122800	7140	4991
AZ_PHX	2050122804	7326	5120
AZ_PHX	2050122808	5644	3945
AZ_PHX	2050122812	6384	4462
AZ_PHX	2050122816	7168	5010
AZ_PHX	2050122820	6479	4528
AZ_SE	2019121602	3005	2831
AZ_SE	2019121606	2518	2372
AZ_SE	2019121610	2441	2300
AZ_SE	2019121614	2989	2816
AZ_SE	2019121618	2596	2446
AZ_SE	2019121622	2420	2280
AZ_SE	2020121400	2850	2685
AZ_SE	2020121404	2845	2680
AZ_SE	2020121408	2267	2135
AZ_SE	2020121412	2545	2397
AZ_SE	2020121416	2738	2579
AZ_SE	2020121420	2650	2496
AZ_SE	2029121501	3249	2771
AZ_SE	2029121505	2840	2422
AZ_SE	2029121509	2590	2209
AZ_SE	2029121513	3191	2721
AZ_SE	2029121517	2852	2432
AZ_SE	2029121521	2755	2350
AZ_SE	2030121500	3148	2685
AZ_SE	2030121504	3217	2744
AZ_SE	2030121508	2618	2233
AZ_SE	2030121512	2957	2522
AZ_SE	2030121516	3132	2671
AZ_SE	2030121520	2927	2496
AZ_SE	2039120801	3618	2794
AZ_SE	2039120805	3166	2444
AZ_SE	2039120809	2963	2287
AZ_SE	2039120813	3691	2850
AZ_SE	2039120817	3243	2503
AZ_SE	2039120821	3012	2326
AZ_SE	2040122400	3611	2788
AZ_SE	2040122404	3835	2961
AZ_SE	2040122408	3163	2442
AZ_SE	2040122412	3327	2569
AZ_SE	2040122416	3627	2800
AZ_SE	2040122420	3219	2485
AZ_SE	2049121701	3901	2726
AZ_SE	2049121705	3576	2499
AZ_SE	2049121709	3351	2342
AZ_SE	2049121713	3798	2654
AZ_SE	2049121717	3580	2502
AZ_SE	2049121721	3264	2282
AZ_SE	2050122800	3847	2688
AZ_SE	2050122804	3868	2703
AZ_SE	2050122808	3202	2238
AZ_SE	2050122812	3477	2430
AZ_SE	2050122816	3766	2632
AZ_SE	2050122820	3566	2492
CAN_ALB	2019121602	10617	10001
CAN_ALB	2019121606	9325	8784
CAN_ALB	2019121610	8746	8239
CAN_ALB	2019121614	10049	9466
CAN_ALB	2019121618	10119	9532
CAN_ALB	2019121622	10021	9440
CAN_ALB	2020121400	10563	9950
CAN_ALB	2020121404	9904	9330
CAN_ALB	2020121408	8345	7862
CAN_ALB	2020121412	8398	7911
CAN_ALB	2020121416	9758	9193
CAN_ALB	2020121420	9601	9045
CAN_ALB	2029121501	11580	9876
CAN_ALB	2029121505	10591	9032
CAN_ALB	2029121509	9479	8084
CAN_ALB	2029121513	10266	8755
CAN_ALB	2029121517	11078	9448
CAN_ALB	2029121521	10971	9356
CAN_ALB	2030121500	11463	9776
CAN_ALB	2030121504	10937	9327
CAN_ALB	2030121508	9176	7825
CAN_ALB	2030121512	9212	7856
CAN_ALB	2030121516	10394	8865
CAN_ALB	2030121520	10310	8793
CAN_ALB	2039120801	12957	10003
CAN_ALB	2039120805	11926	9208
CAN_ALB	2039120809	10521	8123
CAN_ALB	2039120813	11303	8727
CAN_ALB	2039120817	12139	9372
CAN_ALB	2039120821	11873	9166
CAN_ALB	2040122400	12777	9864
CAN_ALB	2040122404	12079	9325
CAN_ALB	2040122408	10254	7917
CAN_ALB	2040122412	10160	7844
CAN_ALB	2040122416	11317	8738
CAN_ALB	2040122420	11200	8647
CAN_ALB	2049121701	14134	9879
CAN_ALB	2049121705	13177	9210
CAN_ALB	2049121709	11869	8296
CAN_ALB	2049121713	12105	8460
CAN_ALB	2049121717	13192	9221
CAN_ALB	2049121721	13024	9102
CAN_ALB	2050122800	13627	9524
CAN_ALB	2050122804	12934	9040
CAN_ALB	2050122808	11316	7909
CAN_ALB	2050122812	11210	7835
CAN_ALB	2050122816	12380	8653
CAN_ALB	2050122820	12413	8676
CAN_BC	2019121602	11576	10905
CAN_BC	2019121606	10191	9601
CAN_BC	2019121610	8572	8075
CAN_BC	2019121614	9823	9254
CAN_BC	2019121618	10835	10207
CAN_BC	2019121622	10126	9539
CAN_BC	2020121400	10836	10208
CAN_BC	2020121404	10578	9965
CAN_BC	2020121408	7930	7471
CAN_BC	2020121412	7424	6993
CAN_BC	2020121416	9840	9270
CAN_BC	2020121420	9426	8880
CAN_BC	2029121501	12878	10982
CAN_BC	2029121505	11883	10134
CAN_BC	2029121509	9358	7981
CAN_BC	2029121513	9702	8274
CAN_BC	2029121517	12056	10282
CAN_BC	2029121521	11184	9538
CAN_BC	2030121500	11532	9834
CAN_BC	2030121504	11406	9727
CAN_BC	2030121508	8585	7321
CAN_BC	2030121512	8034	6852
CAN_BC	2030121516	10735	9155
CAN_BC	2030121520	10225	8720
CAN_BC	2039120801	13747	10613
CAN_BC	2039120805	12591	9721
CAN_BC	2039120809	9963	7692
CAN_BC	2039120813	10254	7917
CAN_BC	2039120817	12576	9709
CAN_BC	2039120821	12030	9288
CAN_BC	2040122400	12546	9686
CAN_BC	2040122404	12674	9785
CAN_BC	2040122408	9712	7498
CAN_BC	2040122412	9010	6956
CAN_BC	2040122416	11353	8765
CAN_BC	2040122420	11521	8894
CAN_BC	2049121701	15513	10843
CAN_BC	2049121705	14375	10047
CAN_BC	2049121709	11609	8114
CAN_BC	2049121713	11669	8156
CAN_BC	2049121717	13913	9724
CAN_BC	2049121721	13090	9149
CAN_BC	2050122800	12974	9068
CAN_BC	2050122804	13447	9398
CAN_BC	2050122808	10780	7535
CAN_BC	2050122812	10319	7212
CAN_BC	2050122816	12691	8870
CAN_BC	2050122820	13034	9110
CA_IID	2019121602	436	411
CA_IID	2019121606	408	385
CA_IID	2019121610	293	276
CA_IID	2019121614	344	324
CA_IID	2019121618	392	369
CA_IID	2019121622	370	348
CA_IID	2020121400	363	342
CA_IID	2020121404	403	380
CA_IID	2020121408	294	277
CA_IID	2020121412	259	244
CA_IID	2020121416	349	329
CA_IID	2020121420	366	345
CA_IID	2029121501	424	362
CA_IID	2029121505	456	389
CA_IID	2029121509	306	261
CA_IID	2029121513	309	263
CA_IID	2029121517	425	363
CA_IID	2029121521	422	360
CA_IID	2030121500	398	339
CA_IID	2030121504	441	376
CA_IID	2030121508	311	265
CA_IID	2030121512	281	240
CA_IID	2030121516	373	318
CA_IID	2030121520	402	343
CA_IID	2039120801	459	355
CA_IID	2039120805	502	388
CA_IID	2039120809	341	263
CA_IID	2039120813	345	266
CA_IID	2039120817	462	357
CA_IID	2039120821	465	359
CA_IID	2040122400	411	317
CA_IID	2040122404	492	380
CA_IID	2040122408	394	305
CA_IID	2040122412	338	261
CA_IID	2040122416	404	312
CA_IID	2040122420	407	314
CA_IID	2049121701	513	359
CA_IID	2049121705	550	385
CA_IID	2049121709	403	282
CA_IID	2049121713	390	273
CA_IID	2049121717	492	344
CA_IID	2049121721	507	355
CA_IID	2050122800	466	326
CA_IID	2050122804	548	383
CA_IID	2050122808	412	288
CA_IID	2050122812	359	251
CA_IID	2050122816	449	314
CA_IID	2050122820	502	351
CA_LADWP	2019121602	4563	4299
CA_LADWP	2019121606	3874	3650
CA_LADWP	2019121610	3007	2833
CA_LADWP	2019121614	3597	3388
CA_LADWP	2019121618	4208	3964
CA_LADWP	2019121622	4089	3852
CA_LADWP	2020121400	4454	4196
CA_LADWP	2020121404	4550	4287
CA_LADWP	2020121408	3295	3104
CA_LADWP	2020121412	3097	2918
CA_LADWP	2020121416	4202	3959
CA_LADWP	2020121420	4541	4278
CA_LADWP	2029121501	5127	4372
CA_LADWP	2029121505	4592	3916
CA_LADWP	2029121509	3347	2854
CA_LADWP	2029121513	3468	2958
CA_LADWP	2029121517	4530	3863
CA_LADWP	2029121521	4611	3932
CA_LADWP	2030121500	5026	4286
CA_LADWP	2030121504	4994	4259
CA_LADWP	2030121508	3618	3085
CA_LADWP	2030121512	3374	2878
CA_LADWP	2030121516	4628	3947
CA_LADWP	2030121520	5019	4280
CA_LADWP	2039120801	5772	4456
CA_LADWP	2039120805	5126	3957
CA_LADWP	2039120809	3740	2887
CA_LADWP	2039120813	3832	2959
CA_LADWP	2039120817	5030	3883
CA_LADWP	2039120821	5215	4026
CA_LADWP	2040122400	4961	3830
CA_LADWP	2040122404	5301	4092
CA_LADWP	2040122408	4080	3150
CA_LADWP	2040122412	3713	2866
CA_LADWP	2040122416	4394	3393
CA_LADWP	2040122420	4547	3510
CA_LADWP	2049121701	6145	4295
CA_LADWP	2049121705	5459	3816
CA_LADWP	2049121709	4067	2843
CA_LADWP	2049121713	3976	2779
CA_LADWP	2049121717	4930	3445
CA_LADWP	2049121721	4969	3473
CA_LADWP	2050122800	5944	4155
CA_LADWP	2050122804	5932	4146
CA_LADWP	2050122808	4435	3100
CA_LADWP	2050122812	4164	2911
CA_LADWP	2050122816	5524	3861
CA_LADWP	2050122820	5741	4012
CA_PGE_BAY	2019121602	6648	6263
CA_PGE_BAY	2019121606	5375	5064
CA_PGE_BAY	2019121610	4270	4022
CA_PGE_BAY	2019121614	5735	5403
CA_PGE_BAY	2019121618	6042	5692
CA_PGE_BAY	2019121622	5790	5454
CA_PGE_BAY	2020121400	6245	5883
CA_PGE_BAY	2020121404	6372	6003
CA_PGE_BAY	2020121408	4124	3885
CA_PGE_BAY	2020121412	4109	3871
CA_PGE_BAY	2020121416	5884	5543
CA_PGE_BAY	2020121420	5770	5436
CA_PGE_BAY	2029121501	7554	6442
CA_PGE_BAY	2029121505	6534	5572
CA_PGE_BAY	2029121509	4681	3992
CA_PGE_BAY	2029121513	5485	4677
CA_PGE_BAY	2029121517	6556	5591
CA_PGE_BAY	2029121521	6281	5356
CA_PGE_BAY	2030121500	6945	5923
CA_PGE_BAY	2030121504	7013	5981
CA_PGE_BAY	2030121508	4616	3937
CA_PGE_BAY	2030121512	4810	4102
CA_PGE_BAY	2030121516	6429	5483
CA_PGE_BAY	2030121520	6245	5326
CA_PGE_BAY	2039120801	8225	6350
CA_PGE_BAY	2039120805	6990	5397
CA_PGE_BAY	2039120809	4988	3851
CA_PGE_BAY	2039120813	5805	4482
CA_PGE_BAY	2039120817	7175	5540
CA_PGE_BAY	2039120821	6818	5264
CA_PGE_BAY	2040122400	7044	5438
CA_PGE_BAY	2040122404	7438	5742
CA_PGE_BAY	2040122408	5050	3898
CA_PGE_BAY	2040122412	4741	3660
CA_PGE_BAY	2040122416	6212	4796
CA_PGE_BAY	2040122420	5985	4621
CA_PGE_BAY	2049121701	9071	6340
CA_PGE_BAY	2049121705	7840	5480
CA_PGE_BAY	2049121709	5645	3945
CA_PGE_BAY	2049121713	5916	4135
CA_PGE_BAY	2049121717	7641	5340
CA_PGE_BAY	2049121721	7455	5211
CA_PGE_BAY	2050122800	8256	5771
CA_PGE_BAY	2050122804	7873	5503
CA_PGE_BAY	2050122808	5383	3762
CA_PGE_BAY	2050122812	5253	3672
CA_PGE_BAY	2050122816	7329	5123
CA_PGE_BAY	2050122820	7598	5310
CA_PGE_CEN	2019121602	4748	4473
CA_PGE_CEN	2019121606	4210	3966
CA_PGE_CEN	2019121610	3500	3297
CA_PGE_CEN	2019121614	4280	4032
CA_PGE_CEN	2019121618	4467	4208
CA_PGE_CEN	2019121622	4261	4014
CA_PGE_CEN	2020121400	4358	4105
CA_PGE_CEN	2020121404	4624	4356
CA_PGE_CEN	2020121408	3218	3032
CA_PGE_CEN	2020121412	3217	3031
CA_PGE_CEN	2020121416	4246	4000
CA_PGE_CEN	2020121420	4007	3775
CA_PGE_CEN	2029121501	5268	4493
CA_PGE_CEN	2029121505	4712	4019
CA_PGE_CEN	2029121509	3839	3274
CA_PGE_CEN	2029121513	4350	3710
CA_PGE_CEN	2029121517	4723	4028
CA_PGE_CEN	2029121521	4538	3870
CA_PGE_CEN	2030121500	4735	4038
CA_PGE_CEN	2030121504	4978	4245
CA_PGE_CEN	2030121508	3622	3089
CA_PGE_CEN	2030121512	3720	3173
CA_PGE_CEN	2030121516	4678	3990
CA_PGE_CEN	2030121520	4370	3727
CA_PGE_CEN	2039120801	5759	4446
CA_PGE_CEN	2039120805	5136	3965
CA_PGE_CEN	2039120809	4114	3176
CA_PGE_CEN	2039120813	4612	3561
CA_PGE_CEN	2039120817	5193	4009
CA_PGE_CEN	2039120821	4797	3703
CA_PGE_CEN	2040122400	4990	3852
CA_PGE_CEN	2040122404	5508	4252
CA_PGE_CEN	2040122408	4067	3140
CA_PGE_CEN	2040122412	3850	2972
CA_PGE_CEN	2040122416	4920	3798
CA_PGE_CEN	2040122420	4524	3493
CA_PGE_CEN	2049121701	6551	4579
CA_PGE_CEN	2049121705	5784	4043
CA_PGE_CEN	2049121709	4660	3257
CA_PGE_CEN	2049121713	4782	3342
CA_PGE_CEN	2049121717	5669	3963
CA_PGE_CEN	2049121721	5556	3883
CA_PGE_CEN	2050122800	5734	4007
CA_PGE_CEN	2050122804	5826	4072
CA_PGE_CEN	2050122808	4316	3016
CA_PGE_CEN	2050122812	4202	2937
CA_PGE_CEN	2050122816	5516	3855
CA_PGE_CEN	2050122820	5369	3752
CA_PGE_N	2019121602	4334	4083
CA_PGE_N	2019121606	3898	3672
CA_PGE_N	2019121610	3281	3091
CA_PGE_N	2019121614	3965	3735
CA_PGE_N	2019121618	4112	3874
CA_PGE_N	2019121622	3917	3690
CA_PGE_N	2020121400	4022	3789
CA_PGE_N	2020121404	4267	4019
CA_PGE_N	2020121408	2994	2820
CA_PGE_N	2020121412	3005	2831
CA_PGE_N	2020121416	3926	3698
CA_PGE_N	2020121420	3668	3456
CA_PGE_N	2029121501	4812	4104
CA_PGE_N	2029121505	4296	3664
CA_PGE_N	2029121509	3583	3055
CA_PGE_N	2029121513	4049	3453
CA_PGE_N	2029121517	4318	3683
CA_PGE_N	2029121521	4162	3550
CA_PGE_N	2030121500	4350	3710
CA_PGE_N	2030121504	4569	3897
CA_PGE_N	2030121508	3364	2869
CA_PGE_N	2030121512	3481	2968
CA_PGE_N	2030121516	4316	3680
CA_PGE_N	2030121520	4017	3426
CA_PGE_N	2039120801	5274	4072
CA_PGE_N	2039120805	4713	3638
CA_PGE_N	2039120809	3858	2978
CA_PGE_N	2039120813	4310	3328
CA_PGE_N	2039120817	4801	3706
CA_PGE_N	2039120821	4419	3412
CA_PGE_N	2040122400	4615	3563
CA_PGE_N	2040122404	5073	3917
CA_PGE_N	2040122408	3762	2904
CA_PGE_N	2040122412	3563	2751
CA_PGE_N	2040122416	4530	3497
CA_PGE_N	2040122420	4099	3165
CA_PGE_N	2049121701	6012	4202
CA_PGE_N	2049121705	5309	3710
CA_PGE_N	2049121709	4361	3048
CA_PGE_N	2049121713	4485	3135
CA_PGE_N	2049121717	5255	3673
CA_PGE_N	2049121721	5143	3594
CA_PGE_N	2050122800	5277	3688
CA_PGE_N	2050122804	5371	3754
CA_PGE_N	2050122808	4014	2806
CA_PGE_N	2050122812	3915	2736
CA_PGE_N	2050122816	5129	3585
CA_PGE_N	2050122820	4906	3429
CA_PGE_S	2019121602	1654	1558
CA_PGE_S	2019121606	1490	1404
CA_PGE_S	2019121610	1252	1179
CA_PGE_S	2019121614	1513	1425
CA_PGE_S	2019121618	1571	1480
CA_PGE_S	2019121622	1497	1411
CA_PGE_S	2020121400	1537	1448
CA_PGE_S	2020121404	1631	1537
CA_PGE_S	2020121408	1141	1075
CA_PGE_S	2020121412	1145	1079
CA_PGE_S	2020121416	1499	1413
CA_PGE_S	2020121420	1400	1319
CA_PGE_S	2029121501	1837	1566
CA_PGE_S	2029121505	1638	1397
CA_PGE_S	2029121509	1368	1167
CA_PGE_S	2029121513	1548	1320
CA_PGE_S	2029121517	1647	1405
CA_PGE_S	2029121521	1589	1356
CA_PGE_S	2030121500	1661	1416
CA_PGE_S	2030121504	1745	1488
CA_PGE_S	2030121508	1282	1093
CA_PGE_S	2030121512	1327	1132
CA_PGE_S	2030121516	1648	1405
CA_PGE_S	2030121520	1532	1307
CA_PGE_S	2039120801	2013	1554
CA_PGE_S	2039120805	1797	1388
CA_PGE_S	2039120809	1472	1137
CA_PGE_S	2039120813	1646	1271
CA_PGE_S	2039120817	1832	1415
CA_PGE_S	2039120821	1683	1299
CA_PGE_S	2040122400	1760	1359
CA_PGE_S	2040122404	1937	1495
CA_PGE_S	2040122408	1431	1105
CA_PGE_S	2040122412	1355	1046
CA_PGE_S	2040122416	1729	1335
CA_PGE_S	2040122420	1561	1206
CA_PGE_S	2049121701	2298	1606
CA_PGE_S	2049121705	2026	1416
CA_PGE_S	2049121709	1664	1163
CA_PGE_S	2049121713	1711	1196
CA_PGE_S	2049121717	2007	1403
CA_PGE_S	2049121721	1965	1374
CA_PGE_S	2050122800	2012	1406
CA_PGE_S	2050122804	2049	1432
CA_PGE_S	2050122808	1529	1068
CA_PGE_S	2050122812	1490	1042
CA_PGE_S	2050122816	1957	1368
CA_PGE_S	2050122820	1867	1305
CA_SCE_CEN	2019121602	2807	2644
CA_SCE_CEN	2019121606	2316	2181
CA_SCE_CEN	2019121610	1770	1667
CA_SCE_CEN	2019121614	2218	2089
CA_SCE_CEN	2019121618	2470	2326
CA_SCE_CEN	2019121622	2356	2220
CA_SCE_CEN	2020121400	2484	2340
CA_SCE_CEN	2020121404	2677	2522
CA_SCE_CEN	2020121408	1831	1724
CA_SCE_CEN	2020121412	1758	1656
CA_SCE_CEN	2020121416	2393	2254
CA_SCE_CEN	2020121420	2525	2379
CA_SCE_CEN	2029121501	3095	2639
CA_SCE_CEN	2029121505	2823	2407
CA_SCE_CEN	2029121509	1990	1697
CA_SCE_CEN	2029121513	2148	1832
CA_SCE_CEN	2029121517	2711	2312
CA_SCE_CEN	2029121521	2701	2303
CA_SCE_CEN	2030121500	2794	2382
CA_SCE_CEN	2030121504	2944	2511
CA_SCE_CEN	2030121508	2021	1724
CA_SCE_CEN	2030121512	1925	1642
CA_SCE_CEN	2030121516	2633	2246
CA_SCE_CEN	2030121520	2774	2366
CA_SCE_CEN	2039120801	3389	2617
CA_SCE_CEN	2039120805	3067	2368
CA_SCE_CEN	2039120809	2182	1684
CA_SCE_CEN	2039120813	2357	1820
CA_SCE_CEN	2039120817	2981	2302
CA_SCE_CEN	2039120821	2990	2308
CA_SCE_CEN	2040122400	2754	2126
CA_SCE_CEN	2040122404	3139	2424
CA_SCE_CEN	2040122408	2269	1752
CA_SCE_CEN	2040122412	2050	1582
CA_SCE_CEN	2040122416	2409	1860
CA_SCE_CEN	2040122420	2442	1885
CA_SCE_CEN	2049121701	3678	2570
CA_SCE_CEN	2049121705	3359	2347
CA_SCE_CEN	2049121709	2405	1681
CA_SCE_CEN	2049121713	2387	1668
CA_SCE_CEN	2049121717	2917	2039
CA_SCE_CEN	2049121721	2856	1996
CA_SCE_CEN	2050122800	3229	2257
CA_SCE_CEN	2050122804	3381	2363
CA_SCE_CEN	2050122808	2413	1687
CA_SCE_CEN	2050122812	2286	1598
CA_SCE_CEN	2050122816	3123	2183
CA_SCE_CEN	2050122820	3265	2282
CA_SCE_S	2019121602	14544	13701
CA_SCE_S	2019121606	12006	11310
CA_SCE_S	2019121610	9177	8645
CA_SCE_S	2019121614	11491	10825
CA_SCE_S	2019121618	12809	12066
CA_SCE_S	2019121622	12228	11520
CA_SCE_S	2020121400	12902	12154
CA_SCE_S	2020121404	13885	13081
CA_SCE_S	2020121408	9507	8956
CA_SCE_S	2020121412	9124	8595
CA_SCE_S	2020121416	12420	11700
CA_SCE_S	2020121420	13116	12356
CA_SCE_S	2029121501	16042	13681
CA_SCE_S	2029121505	14625	12472
CA_SCE_S	2029121509	10316	8798
CA_SCE_S	2029121513	11125	9488
CA_SCE_S	2029121517	14055	11986
CA_SCE_S	2029121521	14010	11948
CA_SCE_S	2030121500	14511	12375
CA_SCE_S	2030121504	15269	13022
CA_SCE_S	2030121508	10493	8949
CA_SCE_S	2030121512	9991	8521
CA_SCE_S	2030121516	13669	11657
CA_SCE_S	2030121520	14410	12289
CA_SCE_S	2039120801	17580	13573
CA_SCE_S	2039120805	15900	12276
CA_SCE_S	2039120809	11315	8736
CA_SCE_S	2039120813	12213	9429
CA_SCE_S	2039120817	15461	11937
CA_SCE_S	2039120821	15517	11980
CA_SCE_S	2040122400	14306	11045
CA_SCE_S	2040122404	16280	12569
CA_SCE_S	2040122408	11787	9100
CA_SCE_S	2040122412	10647	8220
CA_SCE_S	2040122416	12520	9666
CA_SCE_S	2040122420	12695	9801
CA_SCE_S	2049121701	19067	13326
CA_SCE_S	2049121705	17403	12164
CA_SCE_S	2049121709	12473	8718
CA_SCE_S	2049121713	12373	8648
CA_SCE_S	2049121717	15131	10575
CA_SCE_S	2049121721	14821	10359
CA_SCE_S	2050122800	16779	11728
CA_SCE_S	2050122804	17552	12267
CA_SCE_S	2050122808	12540	8765
CA_SCE_S	2050122812	11877	8301
CA_SCE_S	2050122816	16213	11332
CA_SCE_S	2050122820	16952	11848
CA_SCE_SE	2019121602	45	42
CA_SCE_SE	2019121606	37	35
CA_SCE_SE	2019121610	28	27
CA_SCE_SE	2019121614	35	33
CA_SCE_SE	2019121618	39	37
CA_SCE_SE	2019121622	37	35
CA_SCE_SE	2020121400	39	37
CA_SCE_SE	2020121404	43	40
CA_SCE_SE	2020121408	29	27
CA_SCE_SE	2020121412	28	26
CA_SCE_SE	2020121416	38	36
CA_SCE_SE	2020121420	40	38
CA_SCE_SE	2029121501	49	42
CA_SCE_SE	2029121505	45	38
CA_SCE_SE	2029121509	32	27
CA_SCE_SE	2029121513	34	29
CA_SCE_SE	2029121517	43	37
CA_SCE_SE	2029121521	43	37
CA_SCE_SE	2030121500	44	38
CA_SCE_SE	2030121504	47	40
CA_SCE_SE	2030121508	32	27
CA_SCE_SE	2030121512	31	26
CA_SCE_SE	2030121516	42	36
CA_SCE_SE	2030121520	44	38
CA_SCE_SE	2039120801	54	41
CA_SCE_SE	2039120805	49	38
CA_SCE_SE	2039120809	35	27
CA_SCE_SE	2039120813	37	29
CA_SCE_SE	2039120817	47	37
CA_SCE_SE	2039120821	47	37
CA_SCE_SE	2040122400	44	34
CA_SCE_SE	2040122404	50	39
CA_SCE_SE	2040122408	36	28
CA_SCE_SE	2040122412	33	25
CA_SCE_SE	2040122416	38	30
CA_SCE_SE	2040122420	39	30
CA_SCE_SE	2049121701	58	41
CA_SCE_SE	2049121705	53	37
CA_SCE_SE	2049121709	38	27
CA_SCE_SE	2049121713	38	27
CA_SCE_SE	2049121717	46	32
CA_SCE_SE	2049121721	45	32
CA_SCE_SE	2050122800	51	36
CA_SCE_SE	2050122804	54	38
CA_SCE_SE	2050122808	38	27
CA_SCE_SE	2050122812	36	25
CA_SCE_SE	2050122816	50	35
CA_SCE_SE	2050122820	52	36
CA_SCE_VLY	2019121602	588	554
CA_SCE_VLY	2019121606	485	457
CA_SCE_VLY	2019121610	371	350
CA_SCE_VLY	2019121614	465	438
CA_SCE_VLY	2019121618	518	488
CA_SCE_VLY	2019121622	494	465
CA_SCE_VLY	2020121400	520	490
CA_SCE_VLY	2020121404	561	528
CA_SCE_VLY	2020121408	383	361
CA_SCE_VLY	2020121412	368	347
CA_SCE_VLY	2020121416	501	472
CA_SCE_VLY	2020121420	529	498
CA_SCE_VLY	2029121501	649	553
CA_SCE_VLY	2029121505	591	504
CA_SCE_VLY	2029121509	417	356
CA_SCE_VLY	2029121513	451	384
CA_SCE_VLY	2029121517	568	484
CA_SCE_VLY	2029121521	566	483
CA_SCE_VLY	2030121500	585	499
CA_SCE_VLY	2030121504	617	526
CA_SCE_VLY	2030121508	423	361
CA_SCE_VLY	2030121512	404	344
CA_SCE_VLY	2030121516	552	471
CA_SCE_VLY	2030121520	581	495
CA_SCE_VLY	2039120801	710	548
CA_SCE_VLY	2039120805	643	496
CA_SCE_VLY	2039120809	457	353
CA_SCE_VLY	2039120813	495	382
CA_SCE_VLY	2039120817	625	482
CA_SCE_VLY	2039120821	626	483
CA_SCE_VLY	2040122400	577	445
CA_SCE_VLY	2040122404	658	508
CA_SCE_VLY	2040122408	475	367
CA_SCE_VLY	2040122412	430	332
CA_SCE_VLY	2040122416	505	390
CA_SCE_VLY	2040122420	511	395
CA_SCE_VLY	2049121701	771	539
CA_SCE_VLY	2049121705	704	492
CA_SCE_VLY	2049121709	505	353
CA_SCE_VLY	2049121713	501	350
CA_SCE_VLY	2049121717	612	428
CA_SCE_VLY	2049121721	599	419
CA_SCE_VLY	2050122800	676	473
CA_SCE_VLY	2050122804	708	495
CA_SCE_VLY	2050122808	505	353
CA_SCE_VLY	2050122812	479	335
CA_SCE_VLY	2050122816	654	457
CA_SCE_VLY	2050122820	684	478
CA_SDGE	2019121602	3639	3428
CA_SDGE	2019121606	2652	2499
CA_SDGE	2019121610	2014	1897
CA_SDGE	2019121614	2864	2698
CA_SDGE	2019121618	2868	2702
CA_SDGE	2019121622	2880	2713
CA_SDGE	2020121400	3452	3252
CA_SDGE	2020121404	3351	3157
CA_SDGE	2020121408	2086	1965
CA_SDGE	2020121412	2162	2036
CA_SDGE	2020121416	2999	2825
CA_SDGE	2020121420	3099	2920
CA_SDGE	2029121501	4102	3498
CA_SDGE	2029121505	3341	2849
CA_SDGE	2029121509	2246	1916
CA_SDGE	2029121513	2767	2360
CA_SDGE	2029121517	3359	2864
CA_SDGE	2029121521	3267	2786
CA_SDGE	2030121500	3767	3213
CA_SDGE	2030121504	3681	3139
CA_SDGE	2030121508	2307	1967
CA_SDGE	2030121512	2365	2017
CA_SDGE	2030121516	3282	2799
CA_SDGE	2030121520	3407	2905
CA_SDGE	2039120801	4483	3461
CA_SDGE	2039120805	3699	2856
CA_SDGE	2039120809	2550	1968
CA_SDGE	2039120813	3114	2404
CA_SDGE	2039120817	3769	2910
CA_SDGE	2039120821	3716	2869
CA_SDGE	2040122400	3894	3006
CA_SDGE	2040122404	4019	3103
CA_SDGE	2040122408	2703	2087
CA_SDGE	2040122412	2601	2008
CA_SDGE	2040122416	3320	2563
CA_SDGE	2040122420	3255	2513
CA_SDGE	2049121701	4891	3418
CA_SDGE	2049121705	4118	2878
CA_SDGE	2049121709	2762	1931
CA_SDGE	2049121713	2939	2054
CA_SDGE	2049121717	3827	2675
CA_SDGE	2049121721	3641	2545
CA_SDGE	2050122800	4404	3078
CA_SDGE	2050122804	4239	2963
CA_SDGE	2050122808	2763	1931
CA_SDGE	2050122812	2694	1883
CA_SDGE	2050122816	4009	2802
CA_SDGE	2050122820	4137	2891
CA_SMUD	2019121602	2382	2244
CA_SMUD	2019121606	1970	1856
CA_SMUD	2019121610	1529	1440
CA_SMUD	2019121614	2006	1890
CA_SMUD	2019121618	2179	2053
CA_SMUD	2019121622	2103	1981
CA_SMUD	2020121400	2055	1936
CA_SMUD	2020121404	2206	2078
CA_SMUD	2020121408	1487	1400
CA_SMUD	2020121412	1443	1359
CA_SMUD	2020121416	2002	1886
CA_SMUD	2020121420	1999	1883
CA_SMUD	2029121501	2588	2207
CA_SMUD	2029121505	2359	2012
CA_SMUD	2029121509	1702	1452
CA_SMUD	2029121513	1968	1678
CA_SMUD	2029121517	2362	2014
CA_SMUD	2029121521	2196	1872
CA_SMUD	2030121500	2296	1958
CA_SMUD	2030121504	2463	2101
CA_SMUD	2030121508	1709	1458
CA_SMUD	2030121512	1678	1431
CA_SMUD	2030121516	2274	1940
CA_SMUD	2030121520	2145	1829
CA_SMUD	2039120801	2847	2198
CA_SMUD	2039120805	2529	1953
CA_SMUD	2039120809	1796	1386
CA_SMUD	2039120813	2052	1585
CA_SMUD	2039120817	2446	1888
CA_SMUD	2039120821	2313	1785
CA_SMUD	2040122400	2378	1836
CA_SMUD	2040122404	2689	2076
CA_SMUD	2040122408	1967	1519
CA_SMUD	2040122412	1876	1448
CA_SMUD	2040122416	2437	1881
CA_SMUD	2040122420	2409	1860
CA_SMUD	2049121701	3218	2249
CA_SMUD	2049121705	2861	2000
CA_SMUD	2049121709	2089	1460
CA_SMUD	2049121713	2132	1490
CA_SMUD	2049121717	2689	1879
CA_SMUD	2049121721	2652	1854
CA_SMUD	2050122800	2767	1934
CA_SMUD	2050122804	2824	1973
CA_SMUD	2050122808	2009	1404
CA_SMUD	2050122812	1938	1354
CA_SMUD	2050122816	2555	1786
CA_SMUD	2050122820	2713	1896
CO_DEN	2019121602	6277	5913
CO_DEN	2019121606	4820	4541
CO_DEN	2019121610	4397	4143
CO_DEN	2019121614	5617	5292
CO_DEN	2019121618	5602	5277
CO_DEN	2019121622	5542	5221
CO_DEN	2020121400	6143	5787
CO_DEN	2020121404	5549	5228
CO_DEN	2020121408	4032	3798
CO_DEN	2020121412	4472	4213
CO_DEN	2020121416	5224	4921
CO_DEN	2020121420	5110	4814
CO_DEN	2029121501	7111	6065
CO_DEN	2029121505	5760	4913
CO_DEN	2029121509	4829	4119
CO_DEN	2029121513	5959	5082
CO_DEN	2029121517	6119	5219
CO_DEN	2029121521	5856	4994
CO_DEN	2030121500	6632	5655
CO_DEN	2030121504	6047	5157
CO_DEN	2030121508	4365	3723
CO_DEN	2030121512	4826	4116
CO_DEN	2030121516	5719	4877
CO_DEN	2030121520	5652	4820
CO_DEN	2039120801	8242	6364
CO_DEN	2039120805	6828	5272
CO_DEN	2039120809	5818	4492
CO_DEN	2039120813	6936	5355
CO_DEN	2039120817	7067	5456
CO_DEN	2039120821	6597	5093
CO_DEN	2040122400	7912	6109
CO_DEN	2040122404	7350	5675
CO_DEN	2040122408	5612	4333
CO_DEN	2040122412	5653	4365
CO_DEN	2040122416	6336	4891
CO_DEN	2040122420	5860	4524
CO_DEN	2049121701	8396	5868
CO_DEN	2049121705	7186	5022
CO_DEN	2049121709	5924	4141
CO_DEN	2049121713	6485	4533
CO_DEN	2049121717	7497	5240
CO_DEN	2049121721	7297	5100
CO_DEN	2050122800	7948	5555
CO_DEN	2050122804	7163	5006
CO_DEN	2050122808	5307	3709
CO_DEN	2050122812	5714	3993
CO_DEN	2050122816	6765	4728
CO_DEN	2050122820	6718	4695
CO_E	2019121602	3394	3197
CO_E	2019121606	2843	2678
CO_E	2019121610	2657	2503
CO_E	2019121614	3196	3011
CO_E	2019121618	3118	2937
CO_E	2019121622	3035	2859
CO_E	2020121400	3386	3190
CO_E	2020121404	3159	2976
CO_E	2020121408	2558	2410
CO_E	2020121412	2793	2631
CO_E	2020121416	3041	2865
CO_E	2020121420	2859	2694
CO_E	2029121501	3798	3239
CO_E	2029121505	3272	2790
CO_E	2029121509	2897	2470
CO_E	2029121513	3395	2896
CO_E	2029121517	3365	2869
CO_E	2029121521	3229	2754
CO_E	2030121500	3677	3136
CO_E	2030121504	3451	2943
CO_E	2030121508	2752	2347
CO_E	2030121512	2977	2539
CO_E	2030121516	3299	2814
CO_E	2030121520	3209	2736
CO_E	2039120801	4374	3377
CO_E	2039120805	3801	2935
CO_E	2039120809	3441	2657
CO_E	2039120813	3913	3021
CO_E	2039120817	3881	2996
CO_E	2039120821	3632	2804
CO_E	2040122400	4388	3388
CO_E	2040122404	4185	3231
CO_E	2040122408	3528	2724
CO_E	2040122412	3544	2736
CO_E	2040122416	3769	2910
CO_E	2040122420	3476	2684
CO_E	2049121701	4588	3207
CO_E	2049121705	4066	2842
CO_E	2049121709	3634	2540
CO_E	2049121713	3897	2724
CO_E	2049121717	4265	2981
CO_E	2049121721	4058	2836
CO_E	2050122800	4476	3128
CO_E	2050122804	4115	2876
CO_E	2050122808	3348	2340
CO_E	2050122812	3541	2475
CO_E	2050122816	3982	2783
CO_E	2050122820	3823	2672
CO_NW	2019121602	1101	1037
CO_NW	2019121606	891	839
CO_NW	2019121610	826	778
CO_NW	2019121614	1017	958
CO_NW	2019121618	1000	942
CO_NW	2019121622	979	922
CO_NW	2020121400	1090	1027
CO_NW	2020121404	1004	946
CO_NW	2020121408	780	735
CO_NW	2020121412	857	807
CO_NW	2020121416	959	903
CO_NW	2020121420	915	862
CO_NW	2029121501	1238	1056
CO_NW	2029121505	1040	887
CO_NW	2029121509	902	769
CO_NW	2029121513	1080	921
CO_NW	2029121517	1085	925
CO_NW	2029121521	1040	887
CO_NW	2030121500	1181	1007
CO_NW	2030121504	1096	935
CO_NW	2030121508	842	718
CO_NW	2030121512	919	783
CO_NW	2030121516	1045	891
CO_NW	2030121520	1022	871
CO_NW	2039120801	1428	1102
CO_NW	2039120805	1218	940
CO_NW	2039120809	1076	831
CO_NW	2039120813	1248	963
CO_NW	2039120817	1251	966
CO_NW	2039120821	1170	903
CO_NW	2040122400	1408	1087
CO_NW	2040122404	1329	1026
CO_NW	2040122408	1079	833
CO_NW	2040122412	1086	838
CO_NW	2040122416	1179	910
CO_NW	2040122420	1088	840
CO_NW	2049121701	1481	1035
CO_NW	2049121705	1295	905
CO_NW	2049121709	1122	784
CO_NW	2049121713	1213	848
CO_NW	2049121717	1355	947
CO_NW	2049121721	1300	909
CO_NW	2050122800	1429	999
CO_NW	2050122804	1303	911
CO_NW	2050122808	1023	715
CO_NW	2050122812	1090	762
CO_NW	2050122816	1252	875
CO_NW	2050122820	1217	851
CO_SW	2019121602	1046	985
CO_SW	2019121606	870	820
CO_SW	2019121610	812	765
CO_SW	2019121614	981	924
CO_SW	2019121618	959	903
CO_SW	2019121622	934	880
CO_SW	2020121400	1042	982
CO_SW	2020121404	970	914
CO_SW	2020121408	779	734
CO_SW	2020121412	851	802
CO_SW	2020121416	932	878
CO_SW	2020121420	879	828
CO_SW	2029121501	1172	999
CO_SW	2029121505	1004	857
CO_SW	2029121509	885	755
CO_SW	2029121513	1042	889
CO_SW	2029121517	1036	883
CO_SW	2029121521	994	848
CO_SW	2030121500	1131	965
CO_SW	2030121504	1059	903
CO_SW	2030121508	838	715
CO_SW	2030121512	908	775
CO_SW	2030121516	1012	863
CO_SW	2030121520	985	840
CO_SW	2039120801	1350	1042
CO_SW	2039120805	1169	902
CO_SW	2039120809	1053	813
CO_SW	2039120813	1202	928
CO_SW	2039120817	1195	922
CO_SW	2039120821	1118	863
CO_SW	2040122400	1350	1042
CO_SW	2040122404	1285	992
CO_SW	2040122408	1075	830
CO_SW	2040122412	1080	834
CO_SW	2040122416	1153	890
CO_SW	2040122420	1064	821
CO_SW	2049121701	1413	988
CO_SW	2049121705	1249	873
CO_SW	2049121709	1109	775
CO_SW	2049121713	1191	832
CO_SW	2049121717	1309	915
CO_SW	2049121721	1248	872
CO_SW	2050122800	1375	961
CO_SW	2050122804	1262	882
CO_SW	2050122808	1020	713
CO_SW	2050122812	1080	755
CO_SW	2050122816	1219	852
CO_SW	2050122820	1173	820
ID_E	2019121602	1493	1407
ID_E	2019121606	1207	1137
ID_E	2019121610	1183	1114
ID_E	2019121614	1553	1463
ID_E	2019121618	1378	1298
ID_E	2019121622	1307	1232
ID_E	2020121400	1271	1197
ID_E	2020121404	1128	1063
ID_E	2020121408	878	827
ID_E	2020121412	1046	986
ID_E	2020121416	1163	1096
ID_E	2020121420	1073	1011
ID_E	2029121501	1648	1406
ID_E	2029121505	1395	1190
ID_E	2029121509	1258	1073
ID_E	2029121513	1620	1382
ID_E	2029121517	1562	1332
ID_E	2029121521	1420	1211
ID_E	2030121500	1396	1191
ID_E	2030121504	1251	1067
ID_E	2030121508	991	845
ID_E	2030121512	1190	1015
ID_E	2030121516	1327	1132
ID_E	2030121520	1198	1022
ID_E	2039120801	1791	1383
ID_E	2039120805	1514	1169
ID_E	2039120809	1353	1044
ID_E	2039120813	1740	1343
ID_E	2039120817	1643	1268
ID_E	2039120821	1480	1143
ID_E	2040122400	1591	1228
ID_E	2040122404	1473	1137
ID_E	2040122408	1177	909
ID_E	2040122412	1291	997
ID_E	2040122416	1534	1184
ID_E	2040122420	1346	1039
ID_E	2049121701	1987	1389
ID_E	2049121705	1728	1208
ID_E	2049121709	1534	1072
ID_E	2049121713	1758	1229
ID_E	2049121717	1906	1332
ID_E	2049121721	1669	1166
ID_E	2050122800	1712	1197
ID_E	2050122804	1538	1075
ID_E	2050122808	1266	885
ID_E	2050122812	1478	1033
ID_E	2050122816	1711	1196
ID_E	2050122820	1554	1086
ID_S_OR_E	2019121602	3101	2921
ID_S_OR_E	2019121606	2540	2393
ID_S_OR_E	2019121610	2458	2316
ID_S_OR_E	2019121614	3193	3008
ID_S_OR_E	2019121618	2897	2729
ID_S_OR_E	2019121622	2733	2575
ID_S_OR_E	2020121400	2541	2393
ID_S_OR_E	2020121404	2238	2109
ID_S_OR_E	2020121408	1796	1692
ID_S_OR_E	2020121412	2243	2113
ID_S_OR_E	2020121416	2367	2230
ID_S_OR_E	2020121420	2162	2036
ID_S_OR_E	2029121501	3414	2911
ID_S_OR_E	2029121505	2992	2552
ID_S_OR_E	2029121509	2677	2283
ID_S_OR_E	2029121513	3333	2843
ID_S_OR_E	2029121517	3255	2776
ID_S_OR_E	2029121521	2893	2467
ID_S_OR_E	2030121500	2859	2438
ID_S_OR_E	2030121504	2522	2150
ID_S_OR_E	2030121508	2055	1753
ID_S_OR_E	2030121512	2569	2191
ID_S_OR_E	2030121516	2693	2296
ID_S_OR_E	2030121520	2406	2052
ID_S_OR_E	2039120801	3766	2907
ID_S_OR_E	2039120805	3287	2538
ID_S_OR_E	2039120809	2925	2258
ID_S_OR_E	2039120813	3664	2829
ID_S_OR_E	2039120817	3502	2704
ID_S_OR_E	2039120821	3103	2396
ID_S_OR_E	2040122400	3278	2531
ID_S_OR_E	2040122404	2979	2300
ID_S_OR_E	2040122408	2466	1904
ID_S_OR_E	2040122412	2771	2139
ID_S_OR_E	2040122416	3157	2438
ID_S_OR_E	2040122420	2691	2078
ID_S_OR_E	2049121701	4144	2896
ID_S_OR_E	2049121705	3643	2546
ID_S_OR_E	2049121709	3205	2240
ID_S_OR_E	2049121713	3565	2491
ID_S_OR_E	2049121717	3966	2772
ID_S_OR_E	2049121721	3434	2400
ID_S_OR_E	2050122800	3458	2417
ID_S_OR_E	2050122804	3065	2142
ID_S_OR_E	2050122808	2589	1809
ID_S_OR_E	2050122812	3090	2160
ID_S_OR_E	2050122816	3386	2367
ID_S_OR_E	2050122820	3019	2110
MEX_BAJA	2019121602	1535	1446
MEX_BAJA	2019121606	1313	1237
MEX_BAJA	2019121610	1052	991
MEX_BAJA	2019121614	1155	1088
MEX_BAJA	2019121618	1247	1175
MEX_BAJA	2019121622	1214	1143
MEX_BAJA	2020121400	1312	1236
MEX_BAJA	2020121404	1466	1381
MEX_BAJA	2020121408	1114	1049
MEX_BAJA	2020121412	1041	981
MEX_BAJA	2020121416	1255	1182
MEX_BAJA	2020121420	1269	1195
MEX_BAJA	2029121501	1691	1442
MEX_BAJA	2029121505	1564	1334
MEX_BAJA	2029121509	1188	1014
MEX_BAJA	2029121513	1202	1025
MEX_BAJA	2029121517	1427	1217
MEX_BAJA	2029121521	1426	1216
MEX_BAJA	2030121500	1474	1257
MEX_BAJA	2030121504	1601	1365
MEX_BAJA	2030121508	1233	1052
MEX_BAJA	2030121512	1153	983
MEX_BAJA	2030121516	1382	1179
MEX_BAJA	2030121520	1409	1202
MEX_BAJA	2039120801	1872	1446
MEX_BAJA	2039120805	1703	1315
MEX_BAJA	2039120809	1306	1008
MEX_BAJA	2039120813	1325	1023
MEX_BAJA	2039120817	1548	1195
MEX_BAJA	2039120821	1558	1203
MEX_BAJA	2040122400	1411	1089
MEX_BAJA	2040122404	1602	1237
MEX_BAJA	2040122408	1230	950
MEX_BAJA	2040122412	1120	865
MEX_BAJA	2040122416	1192	920
MEX_BAJA	2040122420	1193	921
MEX_BAJA	2049121701	1910	1335
MEX_BAJA	2049121705	1833	1281
MEX_BAJA	2049121709	1422	994
MEX_BAJA	2049121713	1360	951
MEX_BAJA	2049121717	1509	1055
MEX_BAJA	2049121721	1498	1047
MEX_BAJA	2050122800	1577	1102
MEX_BAJA	2050122804	1710	1195
MEX_BAJA	2050122808	1305	912
MEX_BAJA	2050122812	1222	854
MEX_BAJA	2050122816	1467	1025
MEX_BAJA	2050122820	1580	1105
MT_NE	2019121602	452	426
MT_NE	2019121606	368	346
MT_NE	2019121610	348	328
MT_NE	2019121614	449	423
MT_NE	2019121618	423	399
MT_NE	2019121622	407	383
MT_NE	2020121400	425	400
MT_NE	2020121404	388	366
MT_NE	2020121408	300	282
MT_NE	2020121412	320	301
MT_NE	2020121416	385	363
MT_NE	2020121420	361	340
MT_NE	2029121501	493	421
MT_NE	2029121505	427	364
MT_NE	2029121509	375	320
MT_NE	2029121513	454	387
MT_NE	2029121517	469	400
MT_NE	2029121521	445	379
MT_NE	2030121500	462	394
MT_NE	2030121504	416	354
MT_NE	2030121508	322	274
MT_NE	2030121512	342	292
MT_NE	2030121516	418	356
MT_NE	2030121520	394	336
MT_NE	2039120801	575	444
MT_NE	2039120805	496	383
MT_NE	2039120809	444	343
MT_NE	2039120813	528	407
MT_NE	2039120817	533	411
MT_NE	2039120821	491	379
MT_NE	2040122400	543	419
MT_NE	2040122404	506	390
MT_NE	2040122408	400	308
MT_NE	2040122412	407	314
MT_NE	2040122416	489	378
MT_NE	2040122420	454	350
MT_NE	2049121701	605	423
MT_NE	2049121705	540	378
MT_NE	2049121709	474	331
MT_NE	2049121713	518	362
MT_NE	2049121717	579	405
MT_NE	2049121721	525	367
MT_NE	2050122800	570	399
MT_NE	2050122804	535	374
MT_NE	2050122808	428	299
MT_NE	2050122812	455	318
MT_NE	2050122816	545	381
MT_NE	2050122820	507	354
MT_NW	2019121602	762	718
MT_NW	2019121606	621	585
MT_NW	2019121610	587	553
MT_NW	2019121614	757	713
MT_NW	2019121618	714	672
MT_NW	2019121622	686	646
MT_NW	2020121400	713	672
MT_NW	2020121404	653	615
MT_NW	2020121408	503	474
MT_NW	2020121412	536	505
MT_NW	2020121416	647	610
MT_NW	2020121420	607	572
MT_NW	2029121501	832	709
MT_NW	2029121505	721	615
MT_NW	2029121509	632	539
MT_NW	2029121513	765	652
MT_NW	2029121517	791	674
MT_NW	2029121521	750	640
MT_NW	2030121500	776	662
MT_NW	2030121504	699	596
MT_NW	2030121508	540	461
MT_NW	2030121512	574	490
MT_NW	2030121516	703	600
MT_NW	2030121520	662	564
MT_NW	2039120801	968	747
MT_NW	2039120805	836	646
MT_NW	2039120809	747	577
MT_NW	2039120813	888	685
MT_NW	2039120817	897	693
MT_NW	2039120821	826	638
MT_NW	2040122400	910	703
MT_NW	2040122404	849	655
MT_NW	2040122408	671	518
MT_NW	2040122412	683	527
MT_NW	2040122416	822	635
MT_NW	2040122420	764	590
MT_NW	2049121701	1020	713
MT_NW	2049121705	911	637
MT_NW	2049121709	799	558
MT_NW	2049121713	873	610
MT_NW	2049121717	976	682
MT_NW	2049121721	883	617
MT_NW	2050122800	957	669
MT_NW	2050122804	899	629
MT_NW	2050122808	719	503
MT_NW	2050122812	765	534
MT_NW	2050122816	918	641
MT_NW	2050122820	853	596
MT_SE	2019121602	455	428
MT_SE	2019121606	370	348
MT_SE	2019121610	351	330
MT_SE	2019121614	453	426
MT_SE	2019121618	425	401
MT_SE	2019121622	409	385
MT_SE	2020121400	426	401
MT_SE	2020121404	389	367
MT_SE	2020121408	300	283
MT_SE	2020121412	322	303
MT_SE	2020121416	387	364
MT_SE	2020121420	363	342
MT_SE	2029121501	497	424
MT_SE	2029121505	429	366
MT_SE	2029121509	378	322
MT_SE	2029121513	459	391
MT_SE	2029121517	472	402
MT_SE	2029121521	447	382
MT_SE	2030121500	464	396
MT_SE	2030121504	417	356
MT_SE	2030121508	323	276
MT_SE	2030121512	346	295
MT_SE	2030121516	421	359
MT_SE	2030121520	396	338
MT_SE	2039120801	577	446
MT_SE	2039120805	497	384
MT_SE	2039120809	445	344
MT_SE	2039120813	531	410
MT_SE	2039120817	534	413
MT_SE	2039120821	493	381
MT_SE	2040122400	544	420
MT_SE	2040122404	506	391
MT_SE	2040122408	400	309
MT_SE	2040122412	409	315
MT_SE	2040122416	491	379
MT_SE	2040122420	455	351
MT_SE	2049121701	608	425
MT_SE	2049121705	542	379
MT_SE	2049121709	476	333
MT_SE	2049121713	522	365
MT_SE	2049121717	582	407
MT_SE	2049121721	527	369
MT_SE	2050122800	572	400
MT_SE	2050122804	535	374
MT_SE	2050122808	429	300
MT_SE	2050122812	458	320
MT_SE	2050122816	548	383
MT_SE	2050122820	509	356
MT_SW	2019121602	682	642
MT_SW	2019121606	555	522
MT_SW	2019121610	527	496
MT_SW	2019121614	681	641
MT_SW	2019121618	638	601
MT_SW	2019121622	612	577
MT_SW	2020121400	636	599
MT_SW	2020121404	581	547
MT_SW	2020121408	448	422
MT_SW	2020121412	481	453
MT_SW	2020121416	577	544
MT_SW	2020121420	540	509
MT_SW	2029121501	745	635
MT_SW	2029121505	644	549
MT_SW	2029121509	567	483
MT_SW	2029121513	689	588
MT_SW	2029121517	708	604
MT_SW	2029121521	669	571
MT_SW	2030121500	693	591
MT_SW	2030121504	623	531
MT_SW	2030121508	482	411
MT_SW	2030121512	517	441
MT_SW	2030121516	628	536
MT_SW	2030121520	589	503
MT_SW	2039120801	864	667
MT_SW	2039120805	744	575
MT_SW	2039120809	666	514
MT_SW	2039120813	796	615
MT_SW	2039120817	800	617
MT_SW	2039120821	735	568
MT_SW	2040122400	812	627
MT_SW	2040122404	756	584
MT_SW	2040122408	598	461
MT_SW	2040122412	611	472
MT_SW	2040122416	736	568
MT_SW	2040122420	680	525
MT_SW	2049121701	912	638
MT_SW	2049121705	814	569
MT_SW	2049121709	715	499
MT_SW	2049121713	784	548
MT_SW	2049121717	875	611
MT_SW	2049121721	789	552
MT_SW	2050122800	855	597
MT_SW	2050122804	800	559
MT_SW	2050122808	641	448
MT_SW	2050122812	686	480
MT_SW	2050122816	820	573
MT_SW	2050122820	761	532
NM_N	2019121602	1313	1237
NM_N	2019121606	1005	947
NM_N	2019121610	887	836
NM_N	2019121614	1144	1078
NM_N	2019121618	1101	1037
NM_N	2019121622	1031	971
NM_N	2020121400	1188	1119
NM_N	2020121404	1156	1089
NM_N	2020121408	833	785
NM_N	2020121412	907	855
NM_N	2020121416	1063	1001
NM_N	2020121420	1013	954
NM_N	2029121501	1423	1213
NM_N	2029121505	1219	1039
NM_N	2029121509	1004	856
NM_N	2029121513	1240	1057
NM_N	2029121517	1237	1055
NM_N	2029121521	1190	1015
NM_N	2030121500	1313	1120
NM_N	2030121504	1298	1107
NM_N	2030121508	943	804
NM_N	2030121512	1025	874
NM_N	2030121516	1235	1054
NM_N	2030121520	1133	967
NM_N	2039120801	1583	1222
NM_N	2039120805	1372	1059
NM_N	2039120809	1139	879
NM_N	2039120813	1409	1088
NM_N	2039120817	1427	1102
NM_N	2039120821	1320	1019
NM_N	2040122400	1493	1152
NM_N	2040122404	1498	1156
NM_N	2040122408	1136	877
NM_N	2040122412	1135	876
NM_N	2040122416	1303	1006
NM_N	2040122420	1204	929
NM_N	2049121701	1671	1168
NM_N	2049121705	1474	1030
NM_N	2049121709	1202	840
NM_N	2049121713	1343	939
NM_N	2049121717	1454	1017
NM_N	2049121721	1343	939
NM_N	2050122800	1548	1082
NM_N	2050122804	1523	1064
NM_N	2050122808	1124	786
NM_N	2050122812	1167	816
NM_N	2050122816	1382	966
NM_N	2050122820	1326	927
NM_S_TX_EPE	2019121602	1359	1281
NM_S_TX_EPE	2019121606	1034	974
NM_S_TX_EPE	2019121610	897	845
NM_S_TX_EPE	2019121614	1152	1085
NM_S_TX_EPE	2019121618	1126	1060
NM_S_TX_EPE	2019121622	1053	992
NM_S_TX_EPE	2020121400	1286	1211
NM_S_TX_EPE	2020121404	1293	1218
NM_S_TX_EPE	2020121408	907	855
NM_S_TX_EPE	2020121412	993	935
NM_S_TX_EPE	2020121416	1187	1118
NM_S_TX_EPE	2020121420	1137	1071
NM_S_TX_EPE	2029121501	1471	1254
NM_S_TX_EPE	2029121505	1236	1054
NM_S_TX_EPE	2029121509	986	841
NM_S_TX_EPE	2029121513	1239	1057
NM_S_TX_EPE	2029121517	1278	1090
NM_S_TX_EPE	2029121521	1207	1030
NM_S_TX_EPE	2030121500	1409	1201
NM_S_TX_EPE	2030121504	1431	1221
NM_S_TX_EPE	2030121508	1015	865
NM_S_TX_EPE	2030121512	1115	951
NM_S_TX_EPE	2030121516	1315	1121
NM_S_TX_EPE	2030121520	1236	1054
NM_S_TX_EPE	2039120801	1691	1305
NM_S_TX_EPE	2039120805	1442	1113
NM_S_TX_EPE	2039120809	1185	915
NM_S_TX_EPE	2039120813	1487	1148
NM_S_TX_EPE	2039120817	1503	1161
NM_S_TX_EPE	2039120821	1407	1086
NM_S_TX_EPE	2040122400	1644	1269
NM_S_TX_EPE	2040122404	1584	1223
NM_S_TX_EPE	2040122408	1161	897
NM_S_TX_EPE	2040122412	1143	883
NM_S_TX_EPE	2040122416	1291	997
NM_S_TX_EPE	2040122420	1194	922
NM_S_TX_EPE	2049121701	1723	1204
NM_S_TX_EPE	2049121705	1495	1045
NM_S_TX_EPE	2049121709	1190	832
NM_S_TX_EPE	2049121713	1286	899
NM_S_TX_EPE	2049121717	1417	991
NM_S_TX_EPE	2049121721	1320	922
NM_S_TX_EPE	2050122800	1591	1112
NM_S_TX_EPE	2050122804	1577	1102
NM_S_TX_EPE	2050122808	1140	797
NM_S_TX_EPE	2050122812	1191	832
NM_S_TX_EPE	2050122816	1444	1009
NM_S_TX_EPE	2050122820	1404	981
NV_N	2019121602	1751	1650
NV_N	2019121606	1532	1443
NV_N	2019121610	1377	1297
NV_N	2019121614	1618	1524
NV_N	2019121618	1611	1517
NV_N	2019121622	1507	1420
NV_N	2020121400	1545	1455
NV_N	2020121404	1624	1530
NV_N	2020121408	1293	1218
NV_N	2020121412	1304	1228
NV_N	2020121416	1546	1456
NV_N	2020121420	1465	1380
NV_N	2029121501	1922	1639
NV_N	2029121505	1780	1518
NV_N	2029121509	1470	1253
NV_N	2029121513	1588	1354
NV_N	2029121517	1759	1500
NV_N	2029121521	1652	1409
NV_N	2030121500	1720	1467
NV_N	2030121504	1811	1544
NV_N	2030121508	1454	1240
NV_N	2030121512	1482	1264
NV_N	2030121516	1719	1466
NV_N	2030121520	1632	1392
NV_N	2039120801	2114	1632
NV_N	2039120805	1959	1512
NV_N	2039120809	1608	1241
NV_N	2039120813	1734	1339
NV_N	2039120817	1939	1497
NV_N	2039120821	1886	1456
NV_N	2040122400	1914	1478
NV_N	2040122404	2041	1576
NV_N	2040122408	1712	1321
NV_N	2040122412	1648	1272
NV_N	2040122416	1848	1427
NV_N	2040122420	1765	1363
NV_N	2049121701	2310	1615
NV_N	2049121705	2171	1517
NV_N	2049121709	1846	1291
NV_N	2049121713	1896	1325
NV_N	2049121717	2068	1445
NV_N	2049121721	2005	1401
NV_N	2050122800	2166	1514
NV_N	2050122804	2201	1538
NV_N	2050122808	1773	1239
NV_N	2050122812	1757	1228
NV_N	2050122816	2116	1479
NV_N	2050122820	2162	1511
NV_S	2019121602	3402	3205
NV_S	2019121606	3103	2923
NV_S	2019121610	2718	2561
NV_S	2019121614	3184	3000
NV_S	2019121618	2903	2735
NV_S	2019121622	2618	2466
NV_S	2020121400	2711	2554
NV_S	2020121404	2959	2788
NV_S	2020121408	2352	2215
NV_S	2020121412	2361	2225
NV_S	2020121416	2547	2400
NV_S	2020121420	2509	2364
NV_S	2029121501	3612	3080
NV_S	2029121505	3476	2964
NV_S	2029121509	2871	2448
NV_S	2029121513	3149	2685
NV_S	2029121517	3232	2757
NV_S	2029121521	3001	2559
NV_S	2030121500	3016	2572
NV_S	2030121504	3269	2788
NV_S	2030121508	2645	2256
NV_S	2030121512	2658	2267
NV_S	2030121516	2855	2435
NV_S	2030121520	2764	2357
NV_S	2039120801	4027	3109
NV_S	2039120805	3843	2967
NV_S	2039120809	3150	2432
NV_S	2039120813	3407	2631
NV_S	2039120817	3524	2721
NV_S	2039120821	3300	2547
NV_S	2040122400	3433	2650
NV_S	2040122404	3878	2994
NV_S	2040122408	3317	2561
NV_S	2040122412	3280	2533
NV_S	2040122416	3324	2566
NV_S	2040122420	3030	2340
NV_S	2049121701	4430	3096
NV_S	2049121705	4383	3063
NV_S	2049121709	3812	2665
NV_S	2049121713	3942	2755
NV_S	2049121717	3981	2782
NV_S	2049121721	3667	2563
NV_S	2050122800	3790	2649
NV_S	2050122804	4076	2849
NV_S	2050122808	3290	2299
NV_S	2050122812	3160	2208
NV_S	2050122816	3467	2423
NV_S	2050122820	3730	2607
OR_E	2019121602	819	771
OR_E	2019121606	697	657
OR_E	2019121610	622	586
OR_E	2019121614	803	756
OR_E	2019121618	770	725
OR_E	2019121622	703	662
OR_E	2020121400	678	638
OR_E	2020121404	678	639
OR_E	2020121408	506	477
OR_E	2020121412	521	491
OR_E	2020121416	666	627
OR_E	2020121420	616	580
OR_E	2029121501	898	765
OR_E	2029121505	820	700
OR_E	2029121509	676	577
OR_E	2029121513	794	677
OR_E	2029121517	871	743
OR_E	2029121521	791	675
OR_E	2030121500	735	627
OR_E	2030121504	748	638
OR_E	2030121508	568	484
OR_E	2030121512	588	501
OR_E	2030121516	761	649
OR_E	2030121520	695	592
OR_E	2039120801	982	758
OR_E	2039120805	884	683
OR_E	2039120809	720	556
OR_E	2039120813	844	651
OR_E	2039120817	926	715
OR_E	2039120821	831	642
OR_E	2040122400	845	653
OR_E	2040122404	860	664
OR_E	2040122408	672	519
OR_E	2040122412	671	518
OR_E	2040122416	827	639
OR_E	2040122420	773	597
OR_E	2049121701	1086	759
OR_E	2049121705	995	696
OR_E	2049121709	832	582
OR_E	2049121713	899	628
OR_E	2049121717	1049	733
OR_E	2049121721	929	650
OR_E	2050122800	908	635
OR_E	2050122804	912	637
OR_E	2050122808	710	496
OR_E	2050122812	745	520
OR_E	2050122816	945	660
OR_E	2050122820	892	623
OR_PDX	2019121602	5222	4920
OR_PDX	2019121606	4428	4172
OR_PDX	2019121610	3687	3474
OR_PDX	2019121614	4884	4601
OR_PDX	2019121618	4776	4499
OR_PDX	2019121622	4324	4073
OR_PDX	2020121400	4212	3968
OR_PDX	2020121404	4272	4024
OR_PDX	2020121408	2953	2782
OR_PDX	2020121412	2925	2756
OR_PDX	2020121416	4046	3812
OR_PDX	2020121420	3773	3555
OR_PDX	2029121501	5551	4734
OR_PDX	2029121505	5143	4386
OR_PDX	2029121509	3936	3357
OR_PDX	2029121513	4682	3993
OR_PDX	2029121517	5396	4602
OR_PDX	2029121521	4903	4181
OR_PDX	2030121500	4460	3804
OR_PDX	2030121504	4611	3933
OR_PDX	2030121508	3274	2792
OR_PDX	2030121512	3287	2803
OR_PDX	2030121516	4650	3965
OR_PDX	2030121520	4230	3608
OR_PDX	2039120801	6063	4681
OR_PDX	2039120805	5484	4234
OR_PDX	2039120809	4152	3206
OR_PDX	2039120813	4910	3791
OR_PDX	2039120817	5617	4337
OR_PDX	2039120821	5047	3897
OR_PDX	2040122400	5008	3867
OR_PDX	2040122404	5245	4049
OR_PDX	2040122408	3892	3005
OR_PDX	2040122412	3757	2900
OR_PDX	2040122416	4927	3804
OR_PDX	2040122420	4956	3826
OR_PDX	2049121701	6867	4799
OR_PDX	2049121705	6297	4401
OR_PDX	2049121709	5004	3498
OR_PDX	2049121713	5312	3713
OR_PDX	2049121717	6492	4537
OR_PDX	2049121721	5717	3996
OR_PDX	2050122800	5439	3802
OR_PDX	2050122804	5679	3969
OR_PDX	2050122808	4168	2913
OR_PDX	2050122812	4224	2952
OR_PDX	2050122816	5745	4016
OR_PDX	2050122820	5518	3857
OR_W	2019121602	4696	4424
OR_W	2019121606	4006	3773
OR_W	2019121610	3501	3298
OR_W	2019121614	4563	4298
OR_W	2019121618	4395	4141
OR_W	2019121622	3981	3750
OR_W	2020121400	3824	3602
OR_W	2020121404	3856	3632
OR_W	2020121408	2800	2638
OR_W	2020121412	2838	2673
OR_W	2020121416	3745	3528
OR_W	2020121420	3458	3258
OR_W	2029121501	5094	4344
OR_W	2029121505	4676	3988
OR_W	2029121509	3775	3219
OR_W	2029121513	4459	3803
OR_W	2029121517	4971	4239
OR_W	2029121521	4499	3837
OR_W	2030121500	4108	3503
OR_W	2030121504	4214	3594
OR_W	2030121508	3129	2669
OR_W	2030121512	3194	2724
OR_W	2030121516	4291	3660
OR_W	2030121520	3891	3319
OR_W	2039120801	5550	4285
OR_W	2039120805	5010	3868
OR_W	2039120809	3995	3084
OR_W	2039120813	4708	3635
OR_W	2039120817	5226	4035
OR_W	2039120821	4648	3588
OR_W	2040122400	4696	3626
OR_W	2040122404	4838	3735
OR_W	2040122408	3712	2866
OR_W	2040122412	3671	2834
OR_W	2040122416	4647	3588
OR_W	2040122420	4427	3418
OR_W	2049121701	6217	4345
OR_W	2049121705	5701	3984
OR_W	2049121709	4702	3287
OR_W	2049121713	5074	3546
OR_W	2049121717	6014	4203
OR_W	2049121721	5269	3682
OR_W	2050122800	5062	3538
OR_W	2050122804	5178	3619
OR_W	2050122808	3958	2766
OR_W	2050122812	4116	2877
OR_W	2050122816	5359	3745
OR_W	2050122820	5064	3539
OR_WA_BPA	2019121602	2030	1912
OR_WA_BPA	2019121606	1736	1635
OR_WA_BPA	2019121610	1543	1454
OR_WA_BPA	2019121614	2000	1884
OR_WA_BPA	2019121618	1917	1806
OR_WA_BPA	2019121622	1735	1635
OR_WA_BPA	2020121400	1654	1558
OR_WA_BPA	2020121404	1665	1568
OR_WA_BPA	2020121408	1229	1158
OR_WA_BPA	2020121412	1254	1182
OR_WA_BPA	2020121416	1631	1537
OR_WA_BPA	2020121420	1501	1414
OR_WA_BPA	2029121501	2216	1890
OR_WA_BPA	2029121505	2027	1729
OR_WA_BPA	2029121509	1667	1422
OR_WA_BPA	2029121513	1966	1676
OR_WA_BPA	2029121517	2167	1848
OR_WA_BPA	2029121521	1958	1670
OR_WA_BPA	2030121500	1786	1523
OR_WA_BPA	2030121504	1826	1557
OR_WA_BPA	2030121508	1377	1174
OR_WA_BPA	2030121512	1412	1204
OR_WA_BPA	2030121516	1867	1592
OR_WA_BPA	2030121520	1689	1441
OR_WA_BPA	2039120801	2410	1861
OR_WA_BPA	2039120805	2176	1680
OR_WA_BPA	2039120809	1767	1364
OR_WA_BPA	2039120813	2082	1607
OR_WA_BPA	2039120817	2286	1765
OR_WA_BPA	2039120821	2020	1560
OR_WA_BPA	2040122400	2054	1586
OR_WA_BPA	2040122404	2104	1624
OR_WA_BPA	2040122408	1634	1261
OR_WA_BPA	2040122412	1629	1258
OR_WA_BPA	2040122416	2041	1576
OR_WA_BPA	2040122420	1907	1472
OR_WA_BPA	2049121701	2693	1882
OR_WA_BPA	2049121705	2469	1726
OR_WA_BPA	2049121709	2065	1444
OR_WA_BPA	2049121713	2242	1567
OR_WA_BPA	2049121717	2629	1838
OR_WA_BPA	2049121721	2294	1603
OR_WA_BPA	2050122800	2208	1543
OR_WA_BPA	2050122804	2246	1570
OR_WA_BPA	2050122808	1742	1217
OR_WA_BPA	2050122812	1828	1277
OR_WA_BPA	2050122816	2346	1640
OR_WA_BPA	2050122820	2202	1539
UT_N	2019121602	5422	5107
UT_N	2019121606	4344	4092
UT_N	2019121610	4180	3938
UT_N	2019121614	5439	5124
UT_N	2019121618	4948	4661
UT_N	2019121622	4773	4497
UT_N	2020121400	5146	4847
UT_N	2020121404	4614	4347
UT_N	2020121408	3575	3368
UT_N	2020121412	4144	3904
UT_N	2020121416	4721	4447
UT_N	2020121420	4435	4178
UT_N	2029121501	6037	5149
UT_N	2029121505	5003	4267
UT_N	2029121509	4472	3814
UT_N	2029121513	5762	4914
UT_N	2029121517	5653	4821
UT_N	2029121521	5293	4514
UT_N	2030121500	5644	4814
UT_N	2030121504	5141	4384
UT_N	2030121508	4019	3427
UT_N	2030121512	4686	3996
UT_N	2030121516	5417	4620
UT_N	2030121520	5051	4307
UT_N	2039120801	6639	5126
UT_N	2039120805	5527	4267
UT_N	2039120809	4885	3772
UT_N	2039120813	6150	4748
UT_N	2039120817	6056	4676
UT_N	2039120821	5721	4417
UT_N	2040122400	6478	5002
UT_N	2040122404	5987	4622
UT_N	2040122408	4735	3656
UT_N	2040122412	5014	3871
UT_N	2040122416	5932	4580
UT_N	2040122420	5400	4169
UT_N	2049121701	7165	5008
UT_N	2049121705	6184	4322
UT_N	2049121709	5453	3811
UT_N	2049121713	6194	4329
UT_N	2049121717	6698	4681
UT_N	2049121721	6173	4314
UT_N	2050122800	6862	4796
UT_N	2050122804	6137	4290
UT_N	2050122808	4925	3442
UT_N	2050122812	5553	3881
UT_N	2050122816	6650	4648
UT_N	2050122820	6296	4400
UT_S	2019121602	1345	1267
UT_S	2019121606	1108	1044
UT_S	2019121610	1060	998
UT_S	2019121614	1341	1263
UT_S	2019121618	1223	1152
UT_S	2019121622	1157	1090
UT_S	2020121400	1342	1264
UT_S	2020121404	1247	1174
UT_S	2020121408	968	911
UT_S	2020121412	1095	1031
UT_S	2020121416	1250	1177
UT_S	2020121420	1168	1101
UT_S	2029121501	1493	1273
UT_S	2029121505	1273	1086
UT_S	2029121509	1136	969
UT_S	2029121513	1421	1212
UT_S	2029121517	1397	1191
UT_S	2029121521	1305	1113
UT_S	2030121500	1481	1263
UT_S	2030121504	1387	1183
UT_S	2030121508	1086	926
UT_S	2030121512	1238	1056
UT_S	2030121516	1433	1222
UT_S	2030121520	1331	1135
UT_S	2039120801	1624	1254
UT_S	2039120805	1410	1088
UT_S	2039120809	1254	968
UT_S	2039120813	1533	1184
UT_S	2039120817	1515	1170
UT_S	2039120821	1425	1100
UT_S	2040122400	1699	1312
UT_S	2040122404	1618	1249
UT_S	2040122408	1296	1000
UT_S	2040122412	1358	1049
UT_S	2040122416	1579	1219
UT_S	2040122420	1426	1101
UT_S	2049121701	1752	1224
UT_S	2049121705	1562	1092
UT_S	2049121709	1386	969
UT_S	2049121713	1542	1078
UT_S	2049121717	1647	1151
UT_S	2049121721	1518	1061
UT_S	2050122800	1791	1252
UT_S	2050122804	1640	1146
UT_S	2050122808	1314	919
UT_S	2050122812	1459	1020
UT_S	2050122816	1743	1218
UT_S	2050122820	1649	1153
WA_ID_AVA	2019121602	2911	2743
WA_ID_AVA	2019121606	2486	2342
WA_ID_AVA	2019121610	2175	2049
WA_ID_AVA	2019121614	2725	2567
WA_ID_AVA	2019121618	2729	2571
WA_ID_AVA	2019121622	2596	2446
WA_ID_AVA	2020121400	2415	2275
WA_ID_AVA	2020121404	2345	2210
WA_ID_AVA	2020121408	1726	1626
WA_ID_AVA	2020121412	1721	1621
WA_ID_AVA	2020121416	2235	2106
WA_ID_AVA	2020121420	2162	2037
WA_ID_AVA	2029121501	3158	2693
WA_ID_AVA	2029121505	2839	2421
WA_ID_AVA	2029121509	2309	1969
WA_ID_AVA	2029121513	2664	2272
WA_ID_AVA	2029121517	3003	2561
WA_ID_AVA	2029121521	2842	2424
WA_ID_AVA	2030121500	2603	2220
WA_ID_AVA	2030121504	2492	2125
WA_ID_AVA	2030121508	1878	1602
WA_ID_AVA	2030121512	1872	1596
WA_ID_AVA	2030121516	2533	2160
WA_ID_AVA	2030121520	2366	2018
WA_ID_AVA	2039120801	3464	2674
WA_ID_AVA	2039120805	3206	2475
WA_ID_AVA	2039120809	2647	2044
WA_ID_AVA	2039120813	3032	2340
WA_ID_AVA	2039120817	3349	2585
WA_ID_AVA	2039120821	2975	2297
WA_ID_AVA	2040122400	2953	2280
WA_ID_AVA	2040122404	2893	2233
WA_ID_AVA	2040122408	2291	1769
WA_ID_AVA	2040122412	2246	1734
WA_ID_AVA	2040122416	2795	2158
WA_ID_AVA	2040122420	2752	2124
WA_ID_AVA	2049121701	3853	2693
WA_ID_AVA	2049121705	3482	2434
WA_ID_AVA	2049121709	2925	2045
WA_ID_AVA	2049121713	3096	2164
WA_ID_AVA	2049121717	3578	2501
WA_ID_AVA	2049121721	3126	2185
WA_ID_AVA	2050122800	3067	2143
WA_ID_AVA	2050122804	3154	2204
WA_ID_AVA	2050122808	2461	1720
WA_ID_AVA	2050122812	2511	1755
WA_ID_AVA	2050122816	3245	2268
WA_ID_AVA	2050122820	3051	2133
WA_N_CEN	2019121602	1572	1481
WA_N_CEN	2019121606	1396	1315
WA_N_CEN	2019121610	1339	1262
WA_N_CEN	2019121614	1627	1533
WA_N_CEN	2019121618	1572	1481
WA_N_CEN	2019121622	1476	1390
WA_N_CEN	2020121400	1074	1012
WA_N_CEN	2020121404	1047	986
WA_N_CEN	2020121408	862	812
WA_N_CEN	2020121412	928	874
WA_N_CEN	2020121416	1138	1072
WA_N_CEN	2020121420	1011	952
WA_N_CEN	2029121501	1779	1517
WA_N_CEN	2029121505	1635	1394
WA_N_CEN	2029121509	1466	1250
WA_N_CEN	2029121513	1659	1414
WA_N_CEN	2029121517	1751	1494
WA_N_CEN	2029121521	1654	1411
WA_N_CEN	2030121500	1180	1006
WA_N_CEN	2030121504	1173	1001
WA_N_CEN	2030121508	972	829
WA_N_CEN	2030121512	1044	890
WA_N_CEN	2030121516	1264	1078
WA_N_CEN	2030121520	1116	952
WA_N_CEN	2039120801	1892	1461
WA_N_CEN	2039120805	1818	1404
WA_N_CEN	2039120809	1688	1303
WA_N_CEN	2039120813	1916	1480
WA_N_CEN	2039120817	1940	1498
WA_N_CEN	2039120821	1667	1287
WA_N_CEN	2040122400	1316	1016
WA_N_CEN	2040122404	1359	1049
WA_N_CEN	2040122408	1179	911
WA_N_CEN	2040122412	1225	946
WA_N_CEN	2040122416	1458	1126
WA_N_CEN	2040122420	1287	993
WA_N_CEN	2049121701	2118	1480
WA_N_CEN	2049121705	1964	1373
WA_N_CEN	2049121709	1756	1227
WA_N_CEN	2049121713	1930	1349
WA_N_CEN	2049121717	2086	1458
WA_N_CEN	2049121721	1788	1250
WA_N_CEN	2050122800	1433	1002
WA_N_CEN	2050122804	1469	1027
WA_N_CEN	2050122808	1238	866
WA_N_CEN	2050122812	1327	928
WA_N_CEN	2050122816	1624	1135
WA_N_CEN	2050122820	1517	1061
WA_SEATAC	2019121602	7055	6646
WA_SEATAC	2019121606	5987	5640
WA_SEATAC	2019121610	4977	4688
WA_SEATAC	2019121614	6731	6341
WA_SEATAC	2019121618	6586	6204
WA_SEATAC	2019121622	5837	5499
WA_SEATAC	2020121400	5824	5486
WA_SEATAC	2020121404	5806	5469
WA_SEATAC	2020121408	3989	3758
WA_SEATAC	2020121412	3870	3645
WA_SEATAC	2020121416	5531	5211
WA_SEATAC	2020121420	5258	4953
WA_SEATAC	2029121501	7534	6425
WA_SEATAC	2029121505	6965	5940
WA_SEATAC	2029121509	5325	4541
WA_SEATAC	2029121513	6363	5427
WA_SEATAC	2029121517	7434	6339
WA_SEATAC	2029121521	6715	5727
WA_SEATAC	2030121500	6238	5320
WA_SEATAC	2030121504	6262	5340
WA_SEATAC	2030121508	4382	3737
WA_SEATAC	2030121512	4311	3677
WA_SEATAC	2030121516	6190	5279
WA_SEATAC	2030121520	5577	4756
WA_SEATAC	2039120801	8023	6194
WA_SEATAC	2039120805	7243	5592
WA_SEATAC	2039120809	5480	4231
WA_SEATAC	2039120813	6670	5150
WA_SEATAC	2039120817	7655	5910
WA_SEATAC	2039120821	6703	5175
WA_SEATAC	2040122400	7109	5489
WA_SEATAC	2040122404	7069	5458
WA_SEATAC	2040122408	5278	4075
WA_SEATAC	2040122412	5070	3914
WA_SEATAC	2040122416	6791	5243
WA_SEATAC	2040122420	6858	5295
WA_SEATAC	2049121701	9223	6446
WA_SEATAC	2049121705	8435	5896
WA_SEATAC	2049121709	6574	4594
WA_SEATAC	2049121713	7039	4919
WA_SEATAC	2049121717	8755	6119
WA_SEATAC	2049121721	7521	5256
WA_SEATAC	2050122800	7370	5151
WA_SEATAC	2050122804	7728	5401
WA_SEATAC	2050122808	5710	3991
WA_SEATAC	2050122812	5887	4114
WA_SEATAC	2050122816	8060	5633
WA_SEATAC	2050122820	7682	5369
WA_W	2019121602	4361	4108
WA_W	2019121606	3671	3459
WA_W	2019121610	3079	2901
WA_W	2019121614	4172	3930
WA_W	2019121618	4045	3811
WA_W	2019121622	3569	3362
WA_W	2020121400	3476	3275
WA_W	2020121404	3505	3301
WA_W	2020121408	2356	2219
WA_W	2020121412	2340	2204
WA_W	2020121416	3306	3115
WA_W	2020121420	3082	2904
WA_W	2029121501	4681	3992
WA_W	2029121505	4308	3674
WA_W	2029121509	3280	2797
WA_W	2029121513	3973	3389
WA_W	2029121517	4537	3869
WA_W	2029121521	4041	3446
WA_W	2030121500	3710	3164
WA_W	2030121504	3793	3235
WA_W	2030121508	2610	2226
WA_W	2030121512	2618	2233
WA_W	2030121516	3728	3180
WA_W	2030121520	3302	2816
WA_W	2039120801	4949	3821
WA_W	2039120805	4478	3457
WA_W	2039120809	3405	2629
WA_W	2039120813	4194	3238
WA_W	2039120817	4706	3633
WA_W	2039120821	4024	3106
WA_W	2040122400	4324	3338
WA_W	2040122404	4387	3387
WA_W	2040122408	3228	2492
WA_W	2040122412	3147	2429
WA_W	2040122416	4234	3269
WA_W	2040122420	4171	3220
WA_W	2049121701	5733	4007
WA_W	2049121705	5223	3651
WA_W	2049121709	4086	2856
WA_W	2049121713	4449	3109
WA_W	2049121717	5503	3846
WA_W	2049121721	4634	3239
WA_W	2050122800	4516	3157
WA_W	2050122804	4791	3349
WA_W	2050122808	3521	2461
WA_W	2050122812	3679	2571
WA_W	2050122816	4952	3461
WA_W	2050122820	4644	3246
WY_NE	2019121602	873	822
WY_NE	2019121606	736	694
WY_NE	2019121610	694	654
WY_NE	2019121614	837	788
WY_NE	2019121618	805	758
WY_NE	2019121622	781	735
WY_NE	2020121400	861	811
WY_NE	2020121404	802	755
WY_NE	2020121408	657	619
WY_NE	2020121412	722	680
WY_NE	2020121416	781	736
WY_NE	2020121420	730	688
WY_NE	2029121501	974	831
WY_NE	2029121505	842	718
WY_NE	2029121509	754	643
WY_NE	2029121513	889	758
WY_NE	2029121517	874	745
WY_NE	2029121521	836	713
WY_NE	2030121500	936	799
WY_NE	2030121504	879	749
WY_NE	2030121508	711	606
WY_NE	2030121512	774	660
WY_NE	2030121516	853	728
WY_NE	2030121520	823	702
WY_NE	2039120801	1114	860
WY_NE	2039120805	969	748
WY_NE	2039120809	883	682
WY_NE	2039120813	1012	781
WY_NE	2039120817	997	770
WY_NE	2039120821	935	722
WY_NE	2040122400	1112	859
WY_NE	2040122404	1060	818
WY_NE	2040122408	901	695
WY_NE	2040122412	911	703
WY_NE	2040122416	974	752
WY_NE	2040122420	896	692
WY_NE	2049121701	1178	824
WY_NE	2049121705	1046	731
WY_NE	2049121709	945	660
WY_NE	2049121713	1019	712
WY_NE	2049121717	1103	771
WY_NE	2049121721	1042	728
WY_NE	2050122800	1143	799
WY_NE	2050122804	1050	734
WY_NE	2050122808	866	605
WY_NE	2050122812	921	644
WY_NE	2050122816	1036	724
WY_NE	2050122820	988	690
WY_NW	2019121602	288	272
WY_NW	2019121606	238	225
WY_NW	2019121610	227	214
WY_NW	2019121614	282	266
WY_NW	2019121618	265	250
WY_NW	2019121622	257	242
WY_NW	2020121400	274	258
WY_NW	2020121404	251	236
WY_NW	2020121408	203	191
WY_NW	2020121412	228	214
WY_NW	2020121416	250	235
WY_NW	2020121420	234	220
WY_NW	2029121501	321	274
WY_NW	2029121505	273	233
WY_NW	2029121509	245	209
WY_NW	2029121513	300	256
WY_NW	2029121517	294	250
WY_NW	2029121521	278	237
WY_NW	2030121500	299	255
WY_NW	2030121504	277	236
WY_NW	2030121508	222	190
WY_NW	2030121512	249	212
WY_NW	2030121516	278	237
WY_NW	2030121520	264	225
WY_NW	2039120801	362	280
WY_NW	2039120805	310	239
WY_NW	2039120809	280	216
WY_NW	2039120813	333	257
WY_NW	2039120817	327	252
WY_NW	2039120821	307	237
WY_NW	2040122400	351	271
WY_NW	2040122404	330	255
WY_NW	2040122408	274	212
WY_NW	2040122412	282	218
WY_NW	2040122416	313	241
WY_NW	2040122420	286	221
WY_NW	2049121701	386	270
WY_NW	2049121705	339	237
WY_NW	2049121709	304	213
WY_NW	2049121713	335	234
WY_NW	2049121717	362	253
WY_NW	2049121721	339	237
WY_NW	2050122800	365	255
WY_NW	2050122804	331	232
WY_NW	2050122808	272	190
WY_NW	2050122812	296	207
WY_NW	2050122816	340	238
WY_NW	2050122820	323	226
WY_SE	2019121602	970	914
WY_SE	2019121606	815	768
WY_SE	2019121610	770	725
WY_SE	2019121614	934	880
WY_SE	2019121618	894	842
WY_SE	2019121622	867	817
WY_SE	2020121400	950	895
WY_SE	2020121404	882	831
WY_SE	2020121408	721	679
WY_SE	2020121412	795	749
WY_SE	2020121416	863	813
WY_SE	2020121420	807	760
WY_SE	2029121501	1083	923
WY_SE	2029121505	933	795
WY_SE	2029121509	835	712
WY_SE	2029121513	993	847
WY_SE	2029121517	975	831
WY_SE	2029121521	931	794
WY_SE	2030121500	1034	882
WY_SE	2030121504	967	825
WY_SE	2030121508	781	666
WY_SE	2030121512	856	730
WY_SE	2030121516	945	806
WY_SE	2030121520	910	776
WY_SE	2039120801	1234	953
WY_SE	2039120805	1070	826
WY_SE	2039120809	973	752
WY_SE	2039120813	1123	867
WY_SE	2039120817	1106	854
WY_SE	2039120821	1038	801
WY_SE	2040122400	1225	946
WY_SE	2040122404	1164	899
WY_SE	2040122408	985	760
WY_SE	2040122412	999	772
WY_SE	2040122416	1076	831
WY_SE	2040122420	989	764
WY_SE	2049121701	1308	914
WY_SE	2049121705	1158	809
WY_SE	2049121709	1044	730
WY_SE	2049121713	1131	791
WY_SE	2049121717	1225	856
WY_SE	2049121721	1154	807
WY_SE	2050122800	1262	882
WY_SE	2050122804	1156	808
WY_SE	2050122808	952	666
WY_SE	2050122812	1019	712
WY_SE	2050122816	1150	804
WY_SE	2050122820	1095	766
WY_SW	2019121602	273	257
WY_SW	2019121606	219	207
WY_SW	2019121610	212	200
WY_SW	2019121614	276	260
WY_SW	2019121618	249	235
WY_SW	2019121622	240	226
WY_SW	2020121400	248	234
WY_SW	2020121404	222	209
WY_SW	2020121408	174	164
WY_SW	2020121412	202	191
WY_SW	2020121416	228	215
WY_SW	2020121420	214	201
WY_SW	2029121501	304	259
WY_SW	2029121505	252	215
WY_SW	2029121509	227	193
WY_SW	2029121513	292	249
WY_SW	2029121517	285	243
WY_SW	2029121521	266	227
WY_SW	2030121500	272	232
WY_SW	2030121504	247	211
WY_SW	2030121508	196	167
WY_SW	2030121512	229	195
WY_SW	2030121516	262	223
WY_SW	2030121520	243	207
WY_SW	2039120801	333	257
WY_SW	2039120805	278	215
WY_SW	2039120809	248	191
WY_SW	2039120813	312	241
WY_SW	2039120817	305	235
WY_SW	2039120821	287	222
WY_SW	2040122400	313	241
WY_SW	2040122404	288	222
WY_SW	2040122408	230	178
WY_SW	2040122412	245	189
WY_SW	2040122416	288	222
WY_SW	2040122420	261	202
WY_SW	2049121701	360	252
WY_SW	2049121705	312	218
WY_SW	2049121709	277	193
WY_SW	2049121713	315	220
WY_SW	2049121717	339	237
WY_SW	2049121721	311	218
WY_SW	2050122800	331	232
WY_SW	2050122804	296	207
WY_SW	2050122808	241	168
WY_SW	2050122812	272	190
WY_SW	2050122816	323	226
WY_SW	2050122820	305	213
